id,algorithm,curve,digest,signature_r,signature_s,private_key,public_key_x,public_key_y,nonce_point_x,nonce_point_y,duration,duration_extra,return_code
0,001a,0010,e3b0c44298fc1c149afbf4c8996fb92427ae41e4649b934ca495991b7852b855,d1190e8169d015061f590bf1f4409c24caad13c1eaa6a9311f247354d1b3c25c,79ba838c7ec665cb89c994edcce1bb8c5b7491fb98e98ca0ca1ccfb11d766f11,c5e536361221d6cc36d7fba4254a2e8a0a560ac6eb7c00cc979a4ab70faa3ae5,972f73882045ed27f2c061c49cca4a02ef3d64021746714086aab3fed96a53a0,26ec4021e615be5b2de99a82ec665446527db2d9c9735806e245848c74a6af0b,53a35700fce52f694134fe58fd8696fa5bf7b9d184da215907f7bcac16a97a87,6e1f670f1b8e45faf18838e3fe30c114b2cc616eaa594c2085e6e5b4c507816f,0.003771564,0.082549621,0000
1,001a,0010,e3b0c44298fc1c149afbf4c8996fb92427ae41e4649b934ca495991b7852b855,b1e58e8e5379d4fa46706a33371f845d3c3f4320347ac390139197115040ae23,a4c42b7009c28519e3a9a06f405b0ff5f02995255d124b06c7d21d3da59ef076,c5e536361221d6cc36d7fba4254a2e8a0a560ac6eb7c00cc979a4ab70faa3ae5,972f73882045ed27f2c061c49cca4a02ef3d64021746714086aab3fed96a53a0,26ec4021e615be5b2de99a82ec665446527db2d9c9735806e245848c74a6af0b,8b5a5091b3b9d3434ef2ccbebfb3edec9a602bfb03a0aea345162894de0d5919,344883a17fa3d99d6f4700594da97bab589ff0fc9627751e73556e52fa45ca8c,0.003759739,0.082229079,0000
2,001a,0010,e3b0c44298fc1c149afbf4c8996fb92427ae41e4649b934ca495991b7852b855,f7dd9bde9d8c100e607a557b77110864cc692ab15827b3ca2401b747c48e3c9a,9b103028ee607a910976b904a10691b608a31585dabe3bc6827d08d777713db8,c5e536361221d6cc36d7fba4254a2e8a0a560ac6eb7c00cc979a4ab70faa3ae5,972f73882045ed27f2c061c49cca4a02ef3d64021746714086aab3fed96a53a0,26ec4021e615be5b2de99a82ec665446527db2d9c9735806e245848c74a6af0b,9b94fcc2f231ab046857b1c0dbf9f24f451d5dc8e684f52749a5822f16a68c78,36573d939129d89fcebec3128de8d73622ad213372e77c6fb2dd3eae3b330476,0.003793255,0.082176327,0000
3,001a,0010,e3b0c44298fc1c149afbf4c8996fb92427ae41e4649b934ca495991b7852b855,197a94c2cd0b0ed02ac97e2b528d51346b5753f894a9db50891e8d10d6876b20,3bcac319d562704cd19d472a7465b3ee6a14831b754a39a8576ba658787ada99,c5e536361221d6cc36d7fba4254a2e8a0a560ac6eb7c00cc979a4ab70faa3ae5,972f73882045ed27f2c061c49cca4a02ef3d64021746714086aab3fed96a53a0,26ec4021e615be5b2de99a82ec665446527db2d9c9735806e245848c74a6af0b,fb42cd070978ea33bac708d9e2d428d7ca3f78aa735a7e284d71747625fdab68,20ac941c03e20c472cee04285fa12cb78d9efe5831a66174fc04fe138d78efe2,0.003720325,0.082247310,0000
4,001a,0010,e3b0c44298fc1c149afbf4c8996fb92427ae41e4649b934ca495991b7852b855,313c47120deae928c9c94e278266fa4f24eb18c558a0a2b88bc09794a268a193,bcdcbcadc298f8305fb30b800e991766fb5079fa0bd0a834f601c18c05e71dd9,c5e536361221d6cc36d7fba4254a2e8a0a560ac6eb7c00cc979a4ab70faa3ae5,972f73882045ed27f2c061c49cca4a02ef3d64021746714086aab3fed96a53a0,26ec4021e615be5b2de99a82ec665446527db2d9c9735806e245848c74a6af0b,34686904700acffebdd407c82b7a09947fe472b251808c3dbef912369e379f5c,b0101883fa722ada39e7cfed22ab4aed524c058cd98bb1ea7baed1bfb8d7effa,0.003766591,0.082232692,0000
5,001a,0010,e3b0c44298fc1c149afbf4c8996fb92427ae41e4649b934ca495991b7852b855,59fcc9db48fe21557c5167bab0a6eea0ad2efdd6ebe354f2b78a5d12f4189416,c5642b4cfc9f47f585c31dd62208401c49534048b737cede952c4f7dec269bd4,c5e536361221d6cc36d7fba4254a2e8a0a560ac6eb7c00cc979a4ab70faa3ae5,972f73882045ed27f2c061c49cca4a02ef3d64021746714086aab3fed96a53a0,26ec4021e615be5b2de99a82ec665446527db2d9c9735806e245848c74a6af0b,1332d96a3d5ac49d9c35fc92afb543cc172d53fdabb9c19b63662267b1889b49,5115230cf1c8465c9fa429f53c67575254610b490d325e576fd10691f15c3807,0.003809430,0.082166715,0000
6,001a,0010,e3b0c44298fc1c149afbf4c8996fb92427ae41e4649b934ca495991b7852b855,d2b4b525d45dc55f10816f13c3e3a4c1ecda5cfe2d3eadb304fe7567f92f1249,9899ab947695a8ce8e379d00cb6a3a426e6d8ca401162fe728208563bdfd8f03,c5e536361221d6cc36d7fba4254a2e8a0a560ac6eb7c00cc979a4ab70faa3ae5,972f73882045ed27f2c061c49cca4a02ef3d64021746714086aab3fed96a53a0,26ec4021e615be5b2de99a82ec665446527db2d9c9735806e245848c74a6af0b,9f848420ffd380b1718458e5bd75bce39616d987ab8e07a4dcb74751371ad4a8,398e914491823d5a13b08012f7ecd3e12bcae30b22931672b50e6f4fd9a9893e,0.003769702,0.082184871,0000
7,001a,0010,e3b0c44298fc1c149afbf4c8996fb92427ae41e4649b934ca495991b7852b855,d2c6e15d4f43fe82f45325ce9cbe7c061b842761fd631df3f7e8931b3c0a934a,0a7d027c9217253438b7dacded698d570f203dfe4dec7af03340e37884cf31df,c5e536361221d6cc36d7fba4254a2e8a0a560ac6eb7c00cc979a4ab70faa3ae5,972f73882045ed27f2c061c49cca4a02ef3d64021746714086aab3fed96a53a0,26ec4021e615be5b2de99a82ec665446527db2d9c9735806e245848c74a6af0b,5572195b59ea444f0dfcb9c284c30d2c9a3f5b693d67d7a98d2037edfc756bfa,f72b398ca28fbce1e558d63b266a0f69b41a873a09ea5c5485168308114e219a,0.003797601,0.082195176,0000
8,001a,0010,e3b0c44298fc1c149afbf4c8996fb92427ae41e4649b934ca495991b7852b855,7fefbadcb5b10ea80067779564462a49f7c580f90902d04bb9e05bb7aae58f5c,956a1dfe54c9d81e1a3bf3b677ba16b7cbcf104e24eab1934a58112286d87e66,c5e536361221d6cc36d7fba4254a2e8a0a560ac6eb7c00cc979a4ab70faa3ae5,972f73882045ed27f2c061c49cca4a02ef3d64021746714086aab3fed96a53a0,26ec4021e615be5b2de99a82ec665446527db2d9c9735806e245848c74a6af0b,2f6ca516427415ae4a9bba7cf0e2e9f10f19cff94d2e92eb6dd91d2d8e767d64,6e61c81c88b9bb83c1dd7d0af681f9587260d2a0923a3bf523a7076d29092a58,0.003753521,0.082222435,0000
9,001a,0010,e3b0c44298fc1c149afbf4c8996fb92427ae41e4649b934ca495991b7852b855,d297ed89e63d15fa6073f8db437803e311e843c556c342386a1be181f2c09324,483ab82afe93cb7c71d43d2e82ac357dd13df044a4b6b7b6dd3417c83130ba77,c5e536361221d6cc36d7fba4254a2e8a0a560ac6eb7c00cc979a4ab70faa3ae5,972f73882045ed27f2c061c49cca4a02ef3d64021746714086aab3fed96a53a0,26ec4021e615be5b2de99a82ec665446527db2d9c9735806e245848c74a6af0b,69797f187b1c856b40c6eb03d97c6f7f3fdb186915350b9a15273cd262a1bed8,4e620ce9fd441ea1074622e065b5ba2d33ec6b85006267bdae1b99069bb07443,0.003779138,0.082202773,0000
10,001a,0010,e3b0c44298fc1c149afbf4c8996fb92427ae41e4649b934ca495991b7852b855,a7ce09f25c6140562a44f90b60d11653a953d29bd53217777d30c618820cddea,7f3efddfaecb0fb7e5b0083e9f302a8d828116a83d19f2d79b14f98055ae0e38,c5e536361221d6cc36d7fba4254a2e8a0a560ac6eb7c00cc979a4ab70faa3ae5,972f73882045ed27f2c061c49cca4a02ef3d64021746714086aab3fed96a53a0,26ec4021e615be5b2de99a82ec665446527db2d9c9735806e245848c74a6af0b,5fc0c5647aa165b0ec879e1b256c77d914c532d2196b940e7863cd4c6a736e4e,0ba7725d1f661e806d954c5ad6487b1bba0bff39dc71917083282c7d3675dbe3,0.003805817,0.082168781,0000
11,001a,0010,e3b0c44298fc1c149afbf4c8996fb92427ae41e4649b934ca495991b7852b855,bc42e9a12ecd84679da2d72a3ab10e6ee35e03110cfe9e853e9d96cde3130593,98a2d17dd9cd2111e9f1d3e74fe2a1b61fd9151a76e6e6f149c551b1ee6d5766,c5e536361221d6cc36d7fba4254a2e8a0a560ac6eb7c00cc979a4ab70faa3ae5,972f73882045ed27f2c061c49cca4a02ef3d64021746714086aab3fed96a53a0,26ec4021e615be5b2de99a82ec665446527db2d9c9735806e245848c74a6af0b,953243dd0fb5b4507f659593ce6a4628cbe604421a85fc0909b84b906a584195,f4e8f1eeb2c4c1a35a29767fe91672ace452fd6829b197312863c4488e5137b6,0.003572641,0.082194991,0000
12,001a,0010,e3b0c44298fc1c149afbf4c8996fb92427ae41e4649b934ca495991b7852b855,eeca64379438c7727c94dbda8cb2922489028e3b81c4904404a76276a427a487,45a4c622a71044b2acfc82b335239ede304a4ac9073807fd26ed20fafc5fc4c4,c5e536361221d6cc36d7fba4254a2e8a0a560ac6eb7c00cc979a4ab70faa3ae5,972f73882045ed27f2c061c49cca4a02ef3d64021746714086aab3fed96a53a0,26ec4021e615be5b2de99a82ec665446527db2d9c9735806e245848c74a6af0b,e9eae64d3c623df34b602f841379c1769c94573dc5d1c65c41ba220a2f41160d,777aeb72f6064dcd7a0a76e99a73142500fb4974a4a5d61bd022b2694eddee12,0.003792074,0.082356066,0000
13,001a,0010,e3b0c44298fc1c149afbf4c8996fb92427ae41e4649b934ca495991b7852b855,86562067dcb1a6003657595cd40878a90dad4f42fd6f5c33b1d5541cbbc89784,2b34e514d8313dbe4a99b8056067bd9e6b3282c71bd0868d27d65884bc1b5d46,c5e536361221d6cc36d7fba4254a2e8a0a560ac6eb7c00cc979a4ab70faa3ae5,972f73882045ed27f2c061c49cca4a02ef3d64021746714086aab3fed96a53a0,26ec4021e615be5b2de99a82ec665446527db2d9c9735806e245848c74a6af0b,7780dcd7bdd75c50ec76d0b8b3aa948f8747052fa6dcce5a61ce3b3d67ced69a,3f84f610e010761612d1990268725e66fe5e3457f3e85caa68f5c6421d87273d,0.003786111,0.082184204,0000
14,001a,0010,e3b0c44298fc1c149afbf4c8996fb92427ae41e4649b934ca495991b7852b855,a29c86f935ce35dc3010d799390bd3180e6c6228d918dea5519f072b6f55e4d2,60c231cc42705172ef212b963f1e93fd862e84575a96d3bd2926a83f69ecc591,c5e536361221d6cc36d7fba4254a2e8a0a560ac6eb7c00cc979a4ab70faa3ae5,972f73882045ed27f2c061c49cca4a02ef3d64021746714086aab3fed96a53a0,26ec4021e615be5b2de99a82ec665446527db2d9c9735806e245848c74a6af0b,fd84a7fca8234fbd1118acb715e245aa3eb1455523993f4186b9a9e3fd91f8ef,edafc3f1b4812784515b29f08cd81c1ab8fd523366a657e49d80de053492dada,0.003768127,0.082223832,0000
15,001a,0010,e3b0c44298fc1c149afbf4c8996fb92427ae41e4649b934ca495991b7852b855,572a908c269eae3d8598de0b448d875eeb8f27c0c42253f345eb3351974b8a27,84c2166f359c0ce3636926adcf658f228674fcccd10127a4faccac2a9cf347c0,c5e536361221d6cc36d7fba4254a2e8a0a560ac6eb7c00cc979a4ab70faa3ae5,972f73882045ed27f2c061c49cca4a02ef3d64021746714086aab3fed96a53a0,26ec4021e615be5b2de99a82ec665446527db2d9c9735806e245848c74a6af0b,8a4c40a4560d45f024f5285d24309e4db30fc88ce370ced194b7bebc14f9d3b5,a4648a5147c2d70e37fd3d9bfa89831b45d473be81c3f55a6cd72243025005b9,0.003795635,0.082178328,0000
16,001a,0010,e3b0c44298fc1c149afbf4c8996fb92427ae41e4649b934ca495991b7852b855,5ffb7ba5acad7155a7a6ee0e7e514dd4c143250537d35da89bb11ec2367a1bce,a1de60840d199fd01fa0b849a0cb87aeb5bdfebc34c1e5543ea442f11b4c6084,c5e536361221d6cc36d7fba4254a2e8a0a560ac6eb7c00cc979a4ab70faa3ae5,972f73882045ed27f2c061c49cca4a02ef3d64021746714086aab3fed96a53a0,26ec4021e615be5b2de99a82ec665446527db2d9c9735806e245848c74a6af0b,60bd4337e5eea1b722626b521da9843bd342b0e22b32b6f01536166a184f0b84,5d6bf11aa9b9a91621581190aea7347a9477febe44923cdb3fc33afd3e84b2ba,0.003751082,0.082219789,0000
17,001a,0010,e3b0c44298fc1c149afbf4c8996fb92427ae41e4649b934ca495991b7852b855,d1b7cef896b8ea4c76d50bb8d7f9b10bef5f9aca5158fa279ac8a36a0d3cad09,2ff3132bc1393a9f0d4fb9a5af5c74d09ed61fd996659b849ff3549239cd411c,c5e536361221d6cc36d7fba4254a2e8a0a560ac6eb7c00cc979a4ab70faa3ae5,972f73882045ed27f2c061c49cca4a02ef3d64021746714086aab3fed96a53a0,26ec4021e615be5b2de99a82ec665446527db2d9c9735806e245848c74a6af0b,5dd59942e54e03585c99cd2ab40d8c479656e5e771f68f0bf9b2f195bfb8290a,71ab030fa7de78066cb203f7e665c1b45e51619befad9c27b8a20ca22df21fc0,0.003764322,0.082218088,0000
18,001a,0010,e3b0c44298fc1c149afbf4c8996fb92427ae41e4649b934ca495991b7852b855,966e42888cfb199f66c773e832137b08ef4ab7ee60faad951ade149bd0442f19,b52b79a31484e4582e7891913fd1b5577664df88035709e6d049c9cb191bba93,c5e536361221d6cc36d7fba4254a2e8a0a560ac6eb7c00cc979a4ab70faa3ae5,972f73882045ed27f2c061c49cca4a02ef3d64021746714086aab3fed96a53a0,26ec4021e615be5b2de99a82ec665446527db2d9c9735806e245848c74a6af0b,ba7b1b03fe4527c51787c20e8137009cf7bf039cb05ee31edd7b28525a47ed20,01b64cea2eef02dd2b1919c9e76a0138790764ef7aea876cb22d941989902f1a,0.003817322,0.082153787,0000
19,001a,0010,e3b0c44298fc1c149afbf4c8996fb92427ae41e4649b934ca495991b7852b855,b0038b110c5f8cce396ec61863453aaa20e2e03950429374f272f838b1bf5ea3,c2b9e369bd99826d16ff1c3ffa6eb699d810557c0250c642d9dad2a2507da0b4,c5e536361221d6cc36d7fba4254a2e8a0a560ac6eb7c00cc979a4ab70faa3ae5,972f73882045ed27f2c061c49cca4a02ef3d64021746714086aab3fed96a53a0,26ec4021e615be5b2de99a82ec665446527db2d9c9735806e245848c74a6af0b,4f13e999b0b1c62701ad38e0801289d76b12edd609d82335fa0acffb99787af0,399f9537ba81e688e2442dd23003b74d0f2de33ac713dd06becab4cf041f2256,0.003732670,0.082196245,0000
20,001a,0010,e3b0c44298fc1c149afbf4c8996fb92427ae41e4649b934ca495991b7852b855,19bea8bd8b2173f5a5360d86f4fdab5394c6126e56df07c170387e02cd8a008f,850a76e43f2b317ee106e9d234dc75f30c69036c9ccbca74f012fcb95aa6dae0,c5e536361221d6cc36d7fba4254a2e8a0a560ac6eb7c00cc979a4ab70faa3ae5,972f73882045ed27f2c061c49cca4a02ef3d64021746714086aab3fed96a53a0,26ec4021e615be5b2de99a82ec665446527db2d9c9735806e245848c74a6af0b,e43dc451496ed025a5dc1576a7da2fa800a135ed1489e316927198a7ad442315,bf06635956f6c8c4aad1262f7ec99f76f4581f0bbd769737702fbb8d4beb56e2,0.003803844,0.082211985,0000
21,001a,0010,e3b0c44298fc1c149afbf4c8996fb92427ae41e4649b934ca495991b7852b855,918dec0e29e94d0636f9fdd50e4e909c365b0df430253b8dc406c8912fd5cdad,04fcd6e036f1d046642af2ddcfeb9a687e998a408cc2e715c071afac36e95048,c5e536361221d6cc36d7fba4254a2e8a0a560ac6eb7c00cc979a4ab70faa3ae5,972f73882045ed27f2c061c49cca4a02ef3d64021746714086aab3fed96a53a0,26ec4021e615be5b2de99a82ec665446527db2d9c9735806e245848c74a6af0b,b4c5312e28dbb93936d2f1582428ff1e145079f08e80e61c8b2c2d3ebb9c3d63,19dc03678c06f965a345aed18d1acf9528a6a7ec9375ce9a3cdce714ab16a486,0.003808040,0.082246305,0000
22,001a,0010,e3b0c44298fc1c149afbf4c8996fb92427ae41e4649b934ca495991b7852b855,931f20b4f2492ac4255bc1218098f76fb64abdf15bd51c703288f47fbeb75128,bdd386a2bff085bc8f2a1fcedf396927fc79a63fad7b29f30d595e984ec90bb4,c5e536361221d6cc36d7fba4254a2e8a0a560ac6eb7c00cc979a4ab70faa3ae5,972f73882045ed27f2c061c49cca4a02ef3d64021746714086aab3fed96a53a0,26ec4021e615be5b2de99a82ec665446527db2d9c9735806e245848c74a6af0b,ee12b6cdff1cb84d2536ca8014ffef0ada66b56f584e387738e874417a83a1d3,a70a5e030ac09028d9176391a2bc3f475dcad833e55c928cfb5b3f39fe1eb118,0.003767562,0.082152096,0000
23,001a,0010,e3b0c44298fc1c149afbf4c8996fb92427ae41e4649b934ca495991b7852b855,91c4bdb5bb4ce310240b9ef4ba1e76763c5542c7b64c6c0b7f76191739847d6f,c4dacc3e15fdf43d7e88c816c9ac7467b77cc60ff3daf222e0635aed27463c78,c5e536361221d6cc36d7fba4254a2e8a0a560ac6eb7c00cc979a4ab70faa3ae5,972f73882045ed27f2c061c49cca4a02ef3d64021746714086aab3fed96a53a0,26ec4021e615be5b2de99a82ec665446527db2d9c9735806e245848c74a6af0b,9e5e55d4ac12b7ba1d5e04edef39638036914fe113e678250a5d100407258579,6db51fb893314ed4f63561e9d2b89a958f6dd7cecfd987ead1e8eec18ec84d78,0.003770207,0.082170472,0000
24,001a,0010,e3b0c44298fc1c149afbf4c8996fb92427ae41e4649b934ca495991b7852b855,eeb48cae1fca46ac7d9b318af887d95f5c3aa8b0e57424d40e864497a1715a40,6076a0d07879dc93711b2c07a3d45d4456e766cb1887b79386d29f10d68279f4,c5e536361221d6cc36d7fba4254a2e8a0a560ac6eb7c00cc979a4ab70faa3ae5,972f73882045ed27f2c061c49cca4a02ef3d64021746714086aab3fed96a53a0,26ec4021e615be5b2de99a82ec665446527db2d9c9735806e245848c74a6af0b,f94efc9d8cfba871f29920c58f885be95ae26ac8089535886388c507355dbee9,295ee34381ae031036444c45d594aa3e56e668855824f707b4ce08d912931d71,0.003771803,0.082210187,0000
25,001a,0010,e3b0c44298fc1c149afbf4c8996fb92427ae41e4649b934ca495991b7852b855,d0332055a5cbe507952cfdf058af5573215e55d88ceab39c109c4a05ecf85b88,dbcbd869626348d5bc8f6dea7f354c55396ccf72aca7a56ba9b98829082209e9,c5e536361221d6cc36d7fba4254a2e8a0a560ac6eb7c00cc979a4ab70faa3ae5,972f73882045ed27f2c061c49cca4a02ef3d64021746714086aab3fed96a53a0,26ec4021e615be5b2de99a82ec665446527db2d9c9735806e245848c74a6af0b,e27f8cc281e726690d00dc75649e5d5ac2d23e7d62569282ff4fe837bbd2412b,3ddb6b9c6e09e1f4a790ab49b3597dc0176f5d9a2cc698ae65ff05a08ad2047d,0.003798434,0.082176650,0000
26,001a,0010,e3b0c44298fc1c149afbf4c8996fb92427ae41e4649b934ca495991b7852b855,db9021c8314270001fb27dd20b186bfff10926942583fd508885763510b17634,3643464ea1949f7f5433bd01118a2677ed083fb42b0971d03a04ac6234b96216,c5e536361221d6cc36d7fba4254a2e8a0a560ac6eb7c00cc979a4ab70faa3ae5,972f73882045ed27f2c061c49cca4a02ef3d64021746714086aab3fed96a53a0,26ec4021e615be5b2de99a82ec665446527db2d9c9735806e245848c74a6af0b,10a8eb5bc48f735b99a156f9c54cdd726d107b9cd075468b4abdbed8264ca2f8,7f45d1d52ca0be76e54e2286572a733da28e4f552f129f23dc9a013724d12b47,0.003775568,0.082213297,0000
27,001a,0010,e3b0c44298fc1c149afbf4c8996fb92427ae41e4649b934ca495991b7852b855,1e0629d04a5655616167f990b26ac0645485a00fbe561964529c22057b775226,1742f39af0f19adee91e07910248cced900784b5cbd9e6ee141d95670521f35e,c5e536361221d6cc36d7fba4254a2e8a0a560ac6eb7c00cc979a4ab70faa3ae5,972f73882045ed27f2c061c49cca4a02ef3d64021746714086aab3fed96a53a0,26ec4021e615be5b2de99a82ec665446527db2d9c9735806e245848c74a6af0b,5641811be07dc3c39eff45043f12f6a3f957226ee92ad31c487cb6b4a57afef9,c15a4f7a38373ffdda6d2e757dbefb27ef0c3a22ddbc73a6284f5b824a4d5148,0.003754910,0.082180290,0000
28,001a,0010,e3b0c44298fc1c149afbf4c8996fb92427ae41e4649b934ca495991b7852b855,6697863fbbf101725653e25b513c912de73f51aa20101ec9f3c1b8384da116a1,a41d0fa9924661b1498068d8b841683c141b811e069d26381ab60de4235a4c5b,c5e536361221d6cc36d7fba4254a2e8a0a560ac6eb7c00cc979a4ab70faa3ae5,972f73882045ed27f2c061c49cca4a02ef3d64021746714086aab3fed96a53a0,26ec4021e615be5b2de99a82ec665446527db2d9c9735806e245848c74a6af0b,7470f7a71ebddf18f5e52bda1c844e5cb11b27c34f42de307f8fb07f25944610,d1a66aad3d176e4cbb8bea8250eb695abb5623029e91e0ec599c8cb29241d12d,0.003790368,0.082216247,0000
29,001a,0010,e3b0c44298fc1c149afbf4c8996fb92427ae41e4649b934ca495991b7852b855,e3d8ddf67238dc230ceb05d4298ad1e390af3e6c8ee4fa3f743812be73137e62,c326b86f533c5e62055bfb4247714a3b493ba0e10e7b1ab633a4db912fd853d6,c5e536361221d6cc36d7fba4254a2e8a0a560ac6eb7c00cc979a4ab70faa3ae5,972f73882045ed27f2c061c49cca4a02ef3d64021746714086aab3fed96a53a0,26ec4021e615be5b2de99a82ec665446527db2d9c9735806e245848c74a6af0b,4828dd97d3acd24b9f62ce679fa824d88ae3f789c0db72f9d680f0f1d3c1f01b,56ac2b76a9adaff51027139e66a464e7da0b6215165481658a1b5a4878103a53,0.003774066,0.082196775,0000
30,001a,0010,e3b0c44298fc1c149afbf4c8996fb92427ae41e4649b934ca495991b7852b855,7d22681e1c899cc3ec00889b4497ab2c56b736308fe861df0400394b97abd05f,9d8cec3d02def1ccb6e1e4c1d0ff980c3ac77ed608cb2d433de0a57d926c9471,c5e536361221d6cc36d7fba4254a2e8a0a560ac6eb7c00cc979a4ab70faa3ae5,972f73882045ed27f2c061c49cca4a02ef3d64021746714086aab3fed96a53a0,26ec4021e615be5b2de99a82ec665446527db2d9c9735806e245848c74a6af0b,c362d8e858287cc9b813212e3b0ec3d682f905f0a6f2a930355c701777dc8870,962be702eec931da954a0fd12b40087d6f32a3702b4c4e31fa9205398a576e5d,0.003751588,0.082191951,0000
31,001a,0010,e3b0c44298fc1c149afbf4c8996fb92427ae41e4649b934ca495991b7852b855,772cfd431115abf7a150a7515471499217508d0d69fa70444dccbb45ae2d6f07,b13f6602917fc4000ac6c6579d1aa6d0309beee90dac591f85ade6f34b20d161,c5e536361221d6cc36d7fba4254a2e8a0a560ac6eb7c00cc979a4ab70faa3ae5,972f73882045ed27f2c061c49cca4a02ef3d64021746714086aab3fed96a53a0,26ec4021e615be5b2de99a82ec665446527db2d9c9735806e245848c74a6af0b,613b312a18175761a25cb8b16275eb918287055126111185e41fd6464c6aaec0,fc70e2d74d196af23d72b15615f0e59538866b92a546c4db3770403f0046a46d,0.003512213,0.082135083,0000
32,001a,0010,e3b0c44298fc1c149afbf4c8996fb92427ae41e4649b934ca495991b7852b855,06593c6655e3ef485cebe303d2a3b98c2a226455ab4543605dd058f802429017,152b0f725fc9f648747b717e953bb759650c28dbdd82440a784caf796a91b303,c5e536361221d6cc36d7fba4254a2e8a0a560ac6eb7c00cc979a4ab70faa3ae5,972f73882045ed27f2c061c49cca4a02ef3d64021746714086aab3fed96a53a0,26ec4021e615be5b2de99a82ec665446527db2d9c9735806e245848c74a6af0b,b22301e8be17eded7a1f3e8793c10a69f4a57b3ba8e70dd139bcfce5ef03e9b3,8bf72c42b49f07f3ffd0640cb1d4d18fefe405e11d9c03c1188ec5d11844d225,0.003758280,0.082568981,0000
33,001a,0010,e3b0c44298fc1c149afbf4c8996fb92427ae41e4649b934ca495991b7852b855,4ac8385b7822190e18efc204444e591801e3a37847128611a2e9df74d1b0d230,02e18375c4c28772597838bc2ae42d99e3cdf466fa3dbc1a85080abb2a6eac6a,c5e536361221d6cc36d7fba4254a2e8a0a560ac6eb7c00cc979a4ab70faa3ae5,972f73882045ed27f2c061c49cca4a02ef3d64021746714086aab3fed96a53a0,26ec4021e615be5b2de99a82ec665446527db2d9c9735806e245848c74a6af0b,9e0f860b0d06ef1289e928dd7f85a1d79265bced7e633f812aaa499052aac39c,19450543c3a6c6246e4c3f6283ca0e446be6f460eb2af8952481e14147ba37de,0.003784601,0.082199751,0000
34,001a,0010,e3b0c44298fc1c149afbf4c8996fb92427ae41e4649b934ca495991b7852b855,6b040baf2538588c2fa0abf0bfba61759fdd66cec141a4f4c65e31a3552e8ad5,ee12a1b1b22ae949509442e01c4d73938e735a694633ff70cf373288f3618e7d,c5e536361221d6cc36d7fba4254a2e8a0a560ac6eb7c00cc979a4ab70faa3ae5,972f73882045ed27f2c061c49cca4a02ef3d64021746714086aab3fed96a53a0,26ec4021e615be5b2de99a82ec665446527db2d9c9735806e245848c74a6af0b,e930e5ebe8f0efee5f59ac65acceff37b5ca4025da4f98189a60b96816dee0b7,bac3a8f3058d4c918f417df1559e5123562442a14f467e0583563cbf4e933c33,0.003734422,0.082230054,0000
35,001a,0010,e3b0c44298fc1c149afbf4c8996fb92427ae41e4649b934ca495991b7852b855,70a59daaa25bbc27aafe497b842db28e2925459de485f819e03a4424102067ed,65ec25240efd0b3945d0c966d1ef83b1e5daa6704eb78cb405d2e939877d42fd,c5e536361221d6cc36d7fba4254a2e8a0a560ac6eb7c00cc979a4ab70faa3ae5,972f73882045ed27f2c061c49cca4a02ef3d64021746714086aab3fed96a53a0,26ec4021e615be5b2de99a82ec665446527db2d9c9735806e245848c74a6af0b,89ee31a42df0b9a22d19a0aec8fe602dedcf4a59a085a3778edcf2bffcc18831,6d8dba9fb8ff73745ff9ba4a8e60552982bbebf00b610c108226f1d4fd190f0c,0.003801438,0.082233279,0000
36,001a,0010,e3b0c44298fc1c149afbf4c8996fb92427ae41e4649b934ca495991b7852b855,6609b7fd618511214182df456dd11e1786d9324a362f800555025da2872f8bb3,3d158861574b13989416cb9624008a380d050f17b9aaf708778fa2ebb8ffbe39,c5e536361221d6cc36d7fba4254a2e8a0a560ac6eb7c00cc979a4ab70faa3ae5,972f73882045ed27f2c061c49cca4a02ef3d64021746714086aab3fed96a53a0,26ec4021e615be5b2de99a82ec665446527db2d9c9735806e245848c74a6af0b,ea4c9dd03a3ccb8a97ee2845821c5ca7a5ef6ec5ce3bdb3f47202b1db01d9819,a2c54488e29893fc08ee5b6b206d8e0f0ae92477aabd1f67791ca8edeb87e1f6,0.003788243,0.082144791,0000
37,001a,0010,e3b0c44298fc1c149afbf4c8996fb92427ae41e4649b934ca495991b7852b855,34849c5f4676f18252eb134fc83652e80157fa7ed7e3461c1146b11752272176,b1c9df66b40db16616e9adae9c0d5a0a32c6655b645208ea601c92c6609a71d3,c5e536361221d6cc36d7fba4254a2e8a0a560ac6eb7c00cc979a4ab70faa3ae5,972f73882045ed27f2c061c49cca4a02ef3d64021746714086aab3fed96a53a0,26ec4021e615be5b2de99a82ec665446527db2d9c9735806e245848c74a6af0b,9ed8037e2ad3cea4e7362f735b930227146ab18440dae7da068977cae0a0ce98,06ae6f90c7a44641cc744bb982ac3a1a089a59b2acd43c2b302cefb399d72572,0.003754603,0.082198849,0000
38,001a,0010,e3b0c44298fc1c149afbf4c8996fb92427ae41e4649b934ca495991b7852b855,4c1671aa967aa700976d09ebc0ca3d458271e5fcfd360b723300504d3c7c25cd,6dc009b387b260a75ada889242c7483868b59af179bf58ae25c74cc033c06e2e,c5e536361221d6cc36d7fba4254a2e8a0a560ac6eb7c00cc979a4ab70faa3ae5,972f73882045ed27f2c061c49cca4a02ef3d64021746714086aab3fed96a53a0,26ec4021e615be5b2de99a82ec665446527db2d9c9735806e245848c74a6af0b,4c6fb4d81a3fe3d1c2f7c27112c35b3626d1ff0b03a876925ee1c2eab223da55,c6821b6df78eeeecdc237bbac621423adbf90fb9f9cf571946c18571ef4cac1d,0.003774309,0.082225040,0000
39,001a,0010,e3b0c44298fc1c149afbf4c8996fb92427ae41e4649b934ca495991b7852b855,a52b5bf7e78be4e024fd45e3939bfa506e56b20c8ab1b1cf36f42e1ded548e28,6fff2f304fadc67872b3fe374d0c86066a284a6e7a00d5933219468151638cee,c5e536361221d6cc36d7fba4254a2e8a0a560ac6eb7c00cc979a4ab70faa3ae5,972f73882045ed27f2c061c49cca4a02ef3d64021746714086aab3fed96a53a0,26ec4021e615be5b2de99a82ec665446527db2d9c9735806e245848c74a6af0b,052db0bf610b4cbf2b8e2a0f9120d8bf39fbd75e1087cdd6d6fd6ce2460906ed,bf8df650fe73c868109533b03fe1fb234350ced4575a2cc0e65b4bae4adc2d78,0.003783775,0.082184622,0000
40,001a,0010,e3b0c44298fc1c149afbf4c8996fb92427ae41e4649b934ca495991b7852b855,5c03457e3618f9c3cf7fd9c32cd81d6159442bf0d5a087530446871f86710cc5,0ad616b5bb9473bdd756207de07788b9687eaaa4a06f204959fee12dde94086e,c5e536361221d6cc36d7fba4254a2e8a0a560ac6eb7c00cc979a4ab70faa3ae5,972f73882045ed27f2c061c49cca4a02ef3d64021746714086aab3fed96a53a0,26ec4021e615be5b2de99a82ec665446527db2d9c9735806e245848c74a6af0b,133fe32bc3264f0f5b1b11467ad985f5ef477c943d30e26b646d9a544ccc1da1,f40e2368aebdd29169615137b71e5031d32bb5058a326f81a929db529831455b,0.003718215,0.082206204,0000
41,001a,0010,e3b0c44298fc1c149afbf4c8996fb92427ae41e4649b934ca495991b7852b855,5e2e8098abff20ad144da433528bc003be6b10ee5a3b7b8d0ddf55b089505ca1,fcf573a17de194a31861fe53f954d2ea86500e6bab4f91f71e3e47d9fdf5df64,c5e536361221d6cc36d7fba4254a2e8a0a560ac6eb7c00cc979a4ab70faa3ae5,972f73882045ed27f2c061c49cca4a02ef3d64021746714086aab3fed96a53a0,26ec4021e615be5b2de99a82ec665446527db2d9c9735806e245848c74a6af0b,34ba5add92a1055ddd9fa0dd931fdeb259023ade7f3fe8b03cef5a58781e5c2e,791f30dd08c96a7a25cf2a9d6f7318ff70bb2812514f6d44224d25d6ff43e418,0.003788735,0.082245541,0000
42,001a,0010,e3b0c44298fc1c149afbf4c8996fb92427ae41e4649b934ca495991b7852b855,3487bf7d431c4ff2e79b537cb3a22e0841e8326fe2276518fc1c8425bcd3747d,236a55a60ba220d558587c624b9abb11e2919e12b781a8161a1eaae2bab38acc,c5e536361221d6cc36d7fba4254a2e8a0a560ac6eb7c00cc979a4ab70faa3ae5,972f73882045ed27f2c061c49cca4a02ef3d64021746714086aab3fed96a53a0,26ec4021e615be5b2de99a82ec665446527db2d9c9735806e245848c74a6af0b,058547ff01a78bd522267d13903d620a9fe13838bf6513089ed7d6bb1c0426fc,b51f1f063f5dfd92065f62b68e51efb1f71ffedb136c9ac1b5a379e7e112204d,0.003757230,0.082194367,0000
43,001a,0010,e3b0c44298fc1c149afbf4c8996fb92427ae41e4649b934ca495991b7852b855,bf612a24657f0624e9fd3bc79f4a7551de31de5142b0bc8dbb24a685f9840e06,9ff3092e4765b69ac50c374172fd1c017b439370740fc5d2c22f37fea716ee0b,c5e536361221d6cc36d7fba4254a2e8a0a560ac6eb7c00cc979a4ab70faa3ae5,972f73882045ed27f2c061c49cca4a02ef3d64021746714086aab3fed96a53a0,26ec4021e615be5b2de99a82ec665446527db2d9c9735806e245848c74a6af0b,4b2cb2ee75599306791ef4d17bd0b1d108ce24439a2ef50d1cfaea54d486ec7f,2af90628b1caa8c2a44cc140635e03b6e297c3ab13fc3242f27d98135ed50d6f,0.003600880,0.082244630,0000
44,001a,0010,e3b0c44298fc1c149afbf4c8996fb92427ae41e4649b934ca495991b7852b855,b8fcb9c3d0c56a85d53f2bd2969310876b9017baff3f1c8175735733a85ce7f0,a5c5321eb534d9fd14c8aeaa4321c4a2e3c07e9c787636f930cf24f7f78af5e1,c5e536361221d6cc36d7fba4254a2e8a0a560ac6eb7c00cc979a4ab70faa3ae5,972f73882045ed27f2c061c49cca4a02ef3d64021746714086aab3fed96a53a0,26ec4021e615be5b2de99a82ec665446527db2d9c9735806e245848c74a6af0b,8850ec345d9f1122fedd6ecc2b1ea5396dde37c855c54e270d21d8b8eab018e1,50ef1b5ef640bc9cfece9caf34b9ba43781245ce3fc551bceb687936ad7fd4f3,0.003795507,0.082329274,0000
45,001a,0010,e3b0c44298fc1c149afbf4c8996fb92427ae41e4649b934ca495991b7852b855,f8999f1876fe00b13011ac203cec21b3b48931fa400dfe8e7561d35f32a571a3,ab56d6f6abd10719f269efcd2f7f5be46cc480ba31d4f11dccf05123540a34c5,c5e536361221d6cc36d7fba4254a2e8a0a560ac6eb7c00cc979a4ab70faa3ae5,972f73882045ed27f2c061c49cca4a02ef3d64021746714086aab3fed96a53a0,26ec4021e615be5b2de99a82ec665446527db2d9c9735806e245848c74a6af0b,0a43db58bbe3205e9186a0a610027646c899e63da1eabb6cfe14f8c13b976c3f,c66c1769bc6fa89d5a4c0f3ad6f85e72a2c56b12304fbf4885d1e0a73be72112,0.003759818,0.082195760,0000
46,001a,0010,e3b0c44298fc1c149afbf4c8996fb92427ae41e4649b934ca495991b7852b855,1fceb8da8934914a24865961d4f19651ac0b520c1656f6dbe8987163ed75d3b1,7377d69f0e8574b0479cc5bf3c51f705de16e04571ad12ea520b5e1a94bdc438,c5e536361221d6cc36d7fba4254a2e8a0a560ac6eb7c00cc979a4ab70faa3ae5,972f73882045ed27f2c061c49cca4a02ef3d64021746714086aab3fed96a53a0,26ec4021e615be5b2de99a82ec665446527db2d9c9735806e245848c74a6af0b,0be98d917c7387d933338b5537d0b06d6fe7075b8d6f3f35b6fd88ec5d0a44d8,fc78757c5212b5be51a1e293ef878e90cc9fc82c37ca594a8829cc08b1fde8fd,0.003671584,0.082192681,0000
47,001a,0010,e3b0c44298fc1c149afbf4c8996fb92427ae41e4649b934ca495991b7852b855,dd5e56ef00fb35ad717c013eace542e9efcaf08184215ea17db7a2b9e98280f5,e93f31f33dc5149002ec3f864f82d05e24fc39b39c3c98c1e4e9bea20d1af71d,c5e536361221d6cc36d7fba4254a2e8a0a560ac6eb7c00cc979a4ab70faa3ae5,972f73882045ed27f2c061c49cca4a02ef3d64021746714086aab3fed96a53a0,26ec4021e615be5b2de99a82ec665446527db2d9c9735806e245848c74a6af0b,ab7bdd95fa5982fd9761c63dda4a89208016bafba5a8ec6aef51bb330e7ef223,0bfba17d46047fae07ccf4db3777a82439ecb6912d21c828ed1949953e8f4b7b,0.003787411,0.082368908,0000
48,001a,0010,e3b0c44298fc1c149afbf4c8996fb92427ae41e4649b934ca495991b7852b855,4aa08c0ed554794f594b6b37d511d52725125db79f3810333f8eefc3b177bb42,aceb44697e28548288868e548d6b4f170e83896b3d0c824a3a55585a3a669fb9,c5e536361221d6cc36d7fba4254a2e8a0a560ac6eb7c00cc979a4ab70faa3ae5,972f73882045ed27f2c061c49cca4a02ef3d64021746714086aab3fed96a53a0,26ec4021e615be5b2de99a82ec665446527db2d9c9735806e245848c74a6af0b,0a1bc1791782889c6ba36ec935b27ec658cb4559cba5ff5ae5b7054bf7f52803,c7645c6d419459a75ef96a2fec04f4b5d7dd7e567aa767b175039ba7ea74ad94,0.003815051,0.082172520,0000
49,001a,0010,e3b0c44298fc1c149afbf4c8996fb92427ae41e4649b934ca495991b7852b855,d3c57a5800e6ef9f56069d94c8cdd52b448c584e6e284c0591a5ac53f0aff032,12c790e56c5b94437d0ce402bd32e8989a2a15116efabe2df97fce7674f89659,c5e536361221d6cc36d7fba4254a2e8a0a560ac6eb7c00cc979a4ab70faa3ae5,972f73882045ed27f2c061c49cca4a02ef3d64021746714086aab3fed96a53a0,26ec4021e615be5b2de99a82ec665446527db2d9c9735806e245848c74a6af0b,6295851813cddabbad440880c0a0b3268aca964dbd38fffd0f76eb9e41272678,4105a02e55e51d571359855888af54d5ad2dd824e6d734e20afcbd0a8bd705c5,0.003786994,0.082131370,0000
50,001a,0010,e3b0c44298fc1c149afbf4c8996fb92427ae41e4649b934ca495991b7852b855,e713608a839f377efc54d218ec8d5354a570b9439523216adde628457b02f977,3f9d2bbb657538b7a296dc1a6999a0ab9aafe4ed6743ade616f27fde30f75dcd,c5e536361221d6cc36d7fba4254a2e8a0a560ac6eb7c00cc979a4ab70faa3ae5,972f73882045ed27f2c061c49cca4a02ef3d64021746714086aab3fed96a53a0,26ec4021e615be5b2de99a82ec665446527db2d9c9735806e245848c74a6af0b,7199e4c16aa669900b10c97a68775ef2072c74768f935c3b9310a4b927a35022,9d7257d938bbf5b7e09908e136ea6b969370de24409ad44f8b41c8bf96821a14,0.003755947,0.082209241,0000
51,001a,0010,e3b0c44298fc1c149afbf4c8996fb92427ae41e4649b934ca495991b7852b855,10b73bfc8c3a53ed170c189e0ee07c933e4781ee925a52ccd660d9cd31436869,0556104b6babd0b9e22bbad82e53d2f2e6ce62ec356845c905c52858afb75d5f,c5e536361221d6cc36d7fba4254a2e8a0a560ac6eb7c00cc979a4ab70faa3ae5,972f73882045ed27f2c061c49cca4a02ef3d64021746714086aab3fed96a53a0,26ec4021e615be5b2de99a82ec665446527db2d9c9735806e245848c74a6af0b,52403a93f74b93062bc170105dc43d3fcbfed1a443f826193ab474d7d6b59113,24c7c7901fac386cea3507066cd3508cf9cf74c9e704cdb98108c5b4aa6228b2,0.003799045,0.082190223,0000
52,001a,0010,e3b0c44298fc1c149afbf4c8996fb92427ae41e4649b934ca495991b7852b855,b04adaf3d0f8a8577aaf871305119eac79220bff377ce166a302aaf9d06f7a11,2aa92c5b57a0a94005d2ad2e6b6dabe26add9b8cef09579a6032194fb162f114,c5e536361221d6cc36d7fba4254a2e8a0a560ac6eb7c00cc979a4ab70faa3ae5,972f73882045ed27f2c061c49cca4a02ef3d64021746714086aab3fed96a53a0,26ec4021e615be5b2de99a82ec665446527db2d9c9735806e245848c74a6af0b,c2f2281ec30afbdb247098cad1b6ff43fa5023da33105b111d3457c949a5660e,29f00d307d682694089dbdb414f1aa356a83efebe114e6d23b1e8e9eccdac8fe,0.003792843,0.082229142,0000
53,001a,0010,e3b0c44298fc1c149afbf4c8996fb92427ae41e4649b934ca495991b7852b855,d0d23f9e879e862d3864b7590c9b8d5e179fb36722c70f2aa1d4574e69cd10eb,2fdf42928204fa4f3695ccb9243bed833930caefbe82b5a6224cb35ce2f3ad5f,c5e536361221d6cc36d7fba4254a2e8a0a560ac6eb7c00cc979a4ab70faa3ae5,972f73882045ed27f2c061c49cca4a02ef3d64021746714086aab3fed96a53a0,26ec4021e615be5b2de99a82ec665446527db2d9c9735806e245848c74a6af0b,8cbb8ba57f751ab6101f91a6dfed496a912576fdca11847fabb9036790bbefa4,ed402b4c25f5f48655dfabf9d419010444857b119628f9e19f842ee6e9f018e8,0.003721969,0.082185322,0000
54,001a,0010,e3b0c44298fc1c149afbf4c8996fb92427ae41e4649b934ca495991b7852b855,232ccdbf8e18065b6f57fb647fa876adf27c8a90709ac6a7e5f00dfcd4d5f298,d5a70c2207d049a1e5748972e8473d8972b289d5ff5d4bc56dd4b93b982c7e9a,c5e536361221d6cc36d7fba4254a2e8a0a560ac6eb7c00cc979a4ab70faa3ae5,972f73882045ed27f2c061c49cca4a02ef3d64021746714086aab3fed96a53a0,26ec4021e615be5b2de99a82ec665446527db2d9c9735806e245848c74a6af0b,7bb6531edb0fc6b77c12e43d4a902c680df7a4959d556544eebe7d8ed960da2e,39bc4df007cbda927b3ac4b2df747b0b59fb3d110b24bee8e9e596cbd73551a9,0.003780395,0.082213095,0000
55,001a,0010,e3b0c44298fc1c149afbf4c8996fb92427ae41e4649b934ca495991b7852b855,b098906a9e75a288881c116464b2d2b908d9a0c2c120cce3b43061d10068941a,2a1800f44dae0142d4a960afd3363f54d06bcd68bf64c1da5b55d6c24e188e82,c5e536361221d6cc36d7fba4254a2e8a0a560ac6eb7c00cc979a4ab70faa3ae5,972f73882045ed27f2c061c49cca4a02ef3d64021746714086aab3fed96a53a0,26ec4021e615be5b2de99a82ec665446527db2d9c9735806e245848c74a6af0b,cd06cd99af97ebd880f6b621e124664739fd57e12990ff8928d0f692a1471164,249119380b97147103d10e8b31e80c4e39057f0e9789a0362caae72a90c88583,0.003771020,0.082202978,0000
56,001a,0010,e3b0c44298fc1c149afbf4c8996fb92427ae41e4649b934ca495991b7852b855,6f651e0e97ae0eeab92ebadfbd8e36bd0d618db3bdf5751ed39aa036912e3a4a,696178ffa4ecdcff645831a574af77cab853a8744943e1beb7f71ebb833ce914,c5e536361221d6cc36d7fba4254a2e8a0a560ac6eb7c00cc979a4ab70faa3ae5,972f73882045ed27f2c061c49cca4a02ef3d64021746714086aab3fed96a53a0,26ec4021e615be5b2de99a82ec665446527db2d9c9735806e245848c74a6af0b,00d6d5646f43f708c861162a4ffc09308c3df000dc911391d8d57954b50789eb,ecd7bc261a3524f4883043e9cc75c182773f185cbef179f9181849996e4608c6,0.003798415,0.082190620,0000
57,001a,0010,e3b0c44298fc1c149afbf4c8996fb92427ae41e4649b934ca495991b7852b855,b7ec5c34ba0ceb75f9a901ffc5b8c083954cd4611c947860c197b1dffc7b29f1,32678250ac99d98bf82591235ea7bf72313c689caa3e9119a2f68a1973d395fd,c5e536361221d6cc36d7fba4254a2e8a0a560ac6eb7c00cc979a4ab70faa3ae5,972f73882045ed27f2c061c49cca4a02ef3d64021746714086aab3fed96a53a0,26ec4021e615be5b2de99a82ec665446527db2d9c9735806e245848c74a6af0b,57376010c2ce688f726c8556bef16bbe4e4d0c121ea22037d7a04b627276b21b,0c90e9b7721b438b0669e5ebb3d5b3269e473436fa1478f30d02be06c7c9cfcf,0.003778996,0.082182639,0000
58,001a,0010,e3b0c44298fc1c149afbf4c8996fb92427ae41e4649b934ca495991b7852b855,8ca32d4faf89eebfe7f138328ce55e13c9db1edf2b67abac1784fd06a214a905,5b1b2db2bbac7d333b0b3981c0b7731f95b11c71731eb46ddcabfcc3c508804e,c5e536361221d6cc36d7fba4254a2e8a0a560ac6eb7c00cc979a4ab70faa3ae5,972f73882045ed27f2c061c49cca4a02ef3d64021746714086aab3fed96a53a0,26ec4021e615be5b2de99a82ec665446527db2d9c9735806e245848c74a6af0b,fdbcc179b020cc786b192bb3eef108495387e2c417434cf03b8f0d75101e56d1,54c018285bb3411632b80d8bc994efc58d96d871ab9f0811503f0d20e36a9c0b,0.003765794,0.082202382,0000
59,001a,0010,e3b0c44298fc1c149afbf4c8996fb92427ae41e4649b934ca495991b7852b855,3506aeecb978a4df10a0e2e6c5e1f3cd889de1e18f890226faca77457f796a8e,c7e68e2625e6dd49e8a51e473fb04a5d1d5c2a247ee62a9c157530f56ad4da72,c5e536361221d6cc36d7fba4254a2e8a0a560ac6eb7c00cc979a4ab70faa3ae5,972f73882045ed27f2c061c49cca4a02ef3d64021746714086aab3fed96a53a0,26ec4021e615be5b2de99a82ec665446527db2d9c9735806e245848c74a6af0b,5f0ed7411d856650694cfa67944f70da1c0054dfa9380aa9edcef43656e8f753,5d8982940d8db564b417ccb6adaaca4b92f2cc42fad08dbeeb398322f861f2ed,0.003793224,0.082185224,0000
60,001a,0010,e3b0c44298fc1c149afbf4c8996fb92427ae41e4649b934ca495991b7852b855,e016962a03f2e2c5bac099af23aeccfe30ff85c964de2c9db39758340e40ff31,a4b5bc6bc0584b5ee1c817e5ffa9a69e534af129527bd46c7677508839942e2c,c5e536361221d6cc36d7fba4254a2e8a0a560ac6eb7c00cc979a4ab70faa3ae5,972f73882045ed27f2c061c49cca4a02ef3d64021746714086aab3fed96a53a0,26ec4021e615be5b2de99a82ec665446527db2d9c9735806e245848c74a6af0b,60f33a40bba230601d69c33b92bf39a2c58839bb12ed6bf5bdc34cdda693605b,fef26abb5b697100b1da63b9c87f90d88ef82a7d26d9d71d4ac507fb6ee4d63c,0.003710579,0.082251537,0000
61,001a,0010,e3b0c44298fc1c149afbf4c8996fb92427ae41e4649b934ca495991b7852b855,ce989b0fba9cf7226da6b6d8022cedf4fb42cee775e1d9bef309edf1d42dbe47,e6a4a8beb2a9c633ec0d4d3f48c2991e422ba9cebe73fbb1ed10bac026c2aa91,c5e536361221d6cc36d7fba4254a2e8a0a560ac6eb7c00cc979a4ab70faa3ae5,972f73882045ed27f2c061c49cca4a02ef3d64021746714086aab3fed96a53a0,26ec4021e615be5b2de99a82ec665446527db2d9c9735806e245848c74a6af0b,63b074749e51cf91c3ab9b06d67f18c768811ad3bbc01d40ada4f8efbcf59341,a383ab0ef91d917469696d6c2261ede1221ebe295ca0dbee1794225cefffd3d4,0.003749155,0.082200839,0000
62,001a,0010,e3b0c44298fc1c149afbf4c8996fb92427ae41e4649b934ca495991b7852b855,864f756373c3bb2790d8209be09694ff41fe737f36939988b65cae6406b80fcb,ee7523f6da3db805be1e40a7cebcefc6484992249811bff068057227299c3ed1,c5e536361221d6cc36d7fba4254a2e8a0a560ac6eb7c00cc979a4ab70faa3ae5,972f73882045ed27f2c061c49cca4a02ef3d64021746714086aab3fed96a53a0,26ec4021e615be5b2de99a82ec665446527db2d9c9735806e245848c74a6af0b,f47d771d46ca494a2118ead275200e68b95e48c87a1f2c0ae0c859001f133531,f658e83144c8ec512b451854fc84a138d42e72a0cae66c88238a244d2804abaf,0.003750173,0.082230300,0000
63,001a,0010,e3b0c44298fc1c149afbf4c8996fb92427ae41e4649b934ca495991b7852b855,338e0a51fb4016e61c09d140f34a9fc49174c4a2d3581f24a2f620d674da6b95,99f13f0d107b4fda0acc8ee0584afac039263bc34fa8eaf397d1c01ede912568,c5e536361221d6cc36d7fba4254a2e8a0a560ac6eb7c00cc979a4ab70faa3ae5,972f73882045ed27f2c061c49cca4a02ef3d64021746714086aab3fed96a53a0,26ec4021e615be5b2de99a82ec665446527db2d9c9735806e245848c74a6af0b,b40ca721bab54dc5c6790154cc20ec3073256a13ffabbaff3e6c1e7d4106b69c,e1ab331ae87f77c40df12da9dd2bf62fa4a26afb1fa2a067d6a203c5dea36b38,0.003738976,0.082239714,0000
64,001a,0010,e3b0c44298fc1c149afbf4c8996fb92427ae41e4649b934ca495991b7852b855,c1c6992dd0dc5b3e118a6cc05b2b31f5dc8fbfc95c3c8df4272fafd305a67969,0a5bcfc7bd55aa3a81790980e762fb733b09c2fda93c42df09eaddc3a2e55cd3,c5e536361221d6cc36d7fba4254a2e8a0a560ac6eb7c00cc979a4ab70faa3ae5,972f73882045ed27f2c061c49cca4a02ef3d64021746714086aab3fed96a53a0,26ec4021e615be5b2de99a82ec665446527db2d9c9735806e245848c74a6af0b,17a459f8209f96876a554b864e0678ce005fa71e43b88c72eff3fd8263127d81,3e7ab77ff9da34e515f170dbab2f3d682d0144447089dd3d9b8b3d4b8f73eb74,0.003768449,0.082205411,0000
65,001a,0010,e3b0c44298fc1c149afbf4c8996fb92427ae41e4649b934ca495991b7852b855,f3ad4e09ab4da5308a9cc2be736086fe102c0e4809a2466a48a4e8cc9a3c1069,53408871bd5e5f68389554afe30f57c4e24a20e46c621961208a05a5ea069721,c5e536361221d6cc36d7fba4254a2e8a0a560ac6eb7c00cc979a4ab70faa3ae5,972f73882045ed27f2c061c49cca4a02ef3d64021746714086aab3fed96a53a0,26ec4021e615be5b2de99a82ec665446527db2d9c9735806e245848c74a6af0b,9676310afb5b8594d21b77f288dba31f4c3bb183913795c63b1b0d682e66db92,86de96553a07a8d10d3676349f89c9aa7758532dc26ee9180f9754f7c35d257b,0.003722619,0.082264056,0000
66,001a,0010,e3b0c44298fc1c149afbf4c8996fb92427ae41e4649b934ca495991b7852b855,4db945e60d751deec75fb369ca00d232bdd29f66d26050c89bd358e9aa4c4e39,bc9056e2d77adc8a7c842a7fef37821cb17802a40b19a1ad9ff7456c87bf0079,c5e536361221d6cc36d7fba4254a2e8a0a560ac6eb7c00cc979a4ab70faa3ae5,972f73882045ed27f2c061c49cca4a02ef3d64021746714086aab3fed96a53a0,26ec4021e615be5b2de99a82ec665446527db2d9c9735806e245848c74a6af0b,524e5f95e7f8c30c27c10ef23975b37f7fafa79e79420f0174bd2d5f01f8829d,7d49c20513095cd68ea9fcd5aea7c69c0145841099fb48b03ca67af704b9c31f,0.003794228,0.082261740,0000
67,001a,0010,e3b0c44298fc1c149afbf4c8996fb92427ae41e4649b934ca495991b7852b855,8255ab536535a1392ae4b53901551ede028f9c68e9ce965ccd6990960d234380,3a4add5adc8df3800a3275716b964a1ae8129e20273e4430fbb798509fc94d45,c5e536361221d6cc36d7fba4254a2e8a0a560ac6eb7c00cc979a4ab70faa3ae5,972f73882045ed27f2c061c49cca4a02ef3d64021746714086aab3fed96a53a0,26ec4021e615be5b2de99a82ec665446527db2d9c9735806e245848c74a6af0b,e9914c57a0d62bba357e503841facd392fa5ccad2f66c488ca97caa168c81b41,64d4efc515a9c087ef1bad341e9cda31693f42b02268c97efbb7ac313abac665,0.003781685,0.082136404,0000
68,001a,0010,e3b0c44298fc1c149afbf4c8996fb92427ae41e4649b934ca495991b7852b855,988525e83ee36eade897ee278af7a89858ca9c1502aec41e2d6e0bf25b17d897,975bd339809c746418f5125b89247f7dc2fbc17629d542f661361a56c2dbafa5,c5e536361221d6cc36d7fba4254a2e8a0a560ac6eb7c00cc979a4ab70faa3ae5,972f73882045ed27f2c061c49cca4a02ef3d64021746714086aab3fed96a53a0,26ec4021e615be5b2de99a82ec665446527db2d9c9735806e245848c74a6af0b,c2d9b1215f8767a9cf24994da9490e4920d2cf010f3e204c6680e7946e0758e9,ff9caf003a5f360d1962d446d589402a547f40cbfbe6cb44d8a20f84158779b1,0.003757099,0.082203380,0000
69,001a,0010,e3b0c44298fc1c149afbf4c8996fb92427ae41e4649b934ca495991b7852b855,fae378dc8ff2cc2095d6100673da836ec592caab525cb9e1923ce17ebf44ebca,72c0518e13513007c653179df31ca8eaf48eb42f1efabbb5f52fe39b0534e908,c5e536361221d6cc36d7fba4254a2e8a0a560ac6eb7c00cc979a4ab70faa3ae5,972f73882045ed27f2c061c49cca4a02ef3d64021746714086aab3fed96a53a0,26ec4021e615be5b2de99a82ec665446527db2d9c9735806e245848c74a6af0b,de65ffc22a2ee56b51c7219fb47cc6d1ff46eecbf61e5f95501cf131ebafe6a6,8c3dc5576e76ea567b0f504090ab997b8ecb6572d51822ced8e05f99308d2098,0.003816165,0.082176838,0000
70,001a,0010,e3b0c44298fc1c149afbf4c8996fb92427ae41e4649b934ca495991b7852b855,a78ecad06fca462a815e4ac02441b52f6187e03d5d6dbe720046e934eec1bf1a,ad4dcf6c88427c0cd9b6602d55607e8099c3d07d63053dec6e256c01dba75589,c5e536361221d6cc36d7fba4254a2e8a0a560ac6eb7c00cc979a4ab70faa3ae5,972f73882045ed27f2c061c49cca4a02ef3d64021746714086aab3fed96a53a0,26ec4021e615be5b2de99a82ec665446527db2d9c9735806e245848c74a6af0b,b6a9d4d810588fbf22be22cd80e0b725d298a1211438bc52a41b1823fa9d0b13,67d2bd139ddb1a1808aa6d6d1d25155afd1267df7977403fa02ba44f290d0996,0.003773340,0.082186433,0000
71,001a,0010,e3b0c44298fc1c149afbf4c8996fb92427ae41e4649b934ca495991b7852b855,09d4add8cf1e034cdbb2adbaf8071a60c936599e96eaf5ecd6cc8c1ad5e08cd2,c7b71035b38b817579c82b6afd2dfbf7859d930141ee1ff9edf29f29b7b5ef96,c5e536361221d6cc36d7fba4254a2e8a0a560ac6eb7c00cc979a4ab70faa3ae5,972f73882045ed27f2c061c49cca4a02ef3d64021746714086aab3fed96a53a0,26ec4021e615be5b2de99a82ec665446527db2d9c9735806e245848c74a6af0b,015f91a24e64161943d5d1c97215c9e0c996c2f2ef959d6d7e91f7dae04ebceb,972910bbb0296d5a388fe80e6ee4ed6a2bc3bc98a2eea1751b27c111fd2ce6d5,0.003769116,0.082220280,0000
72,001a,0010,e3b0c44298fc1c149afbf4c8996fb92427ae41e4649b934ca495991b7852b855,b763aa9297a83a06e1ea92024c7a9484a53d274332ee40f0853096e93e873252,d4641db6fac92d858da747253c5e59703af6b398c8025a09a3d9a5871c43043b,c5e536361221d6cc36d7fba4254a2e8a0a560ac6eb7c00cc979a4ab70faa3ae5,972f73882045ed27f2c061c49cca4a02ef3d64021746714086aab3fed96a53a0,26ec4021e615be5b2de99a82ec665446527db2d9c9735806e245848c74a6af0b,bceab3df337617fa2c41ab746d3115d3899cbac5f5fbe529e1feb31169bc6523,02ff5b32e5894c7a1e6cd7b0b031861a8b5bd5d2ee6f79ba33d3e849743b863d,0.003595808,0.082127916,0000
73,001a,0010,e3b0c44298fc1c149afbf4c8996fb92427ae41e4649b934ca495991b7852b855,1e83f45fc0146b6765aad1ec65e92e42f4de4a283cae9ef60b02eed7d35c21a3,4abf0af9f8ddeb752c2d208de0be2fee09f1c3ea20ede1c3524ca6f6a852a489,c5e536361221d6cc36d7fba4254a2e8a0a560ac6eb7c00cc979a4ab70faa3ae5,972f73882045ed27f2c061c49cca4a02ef3d64021746714086aab3fed96a53a0,26ec4021e615be5b2de99a82ec665446527db2d9c9735806e245848c74a6af0b,19aad5ea54be83e4e17f359768ff866de8e2e167136077d4450e01e32f702412,99adac6d5919362722cc384fd2eeb3510d6620c5f95bdf082d8ed74a12e06f74,0.003776272,0.082451247,0000
74,001a,0010,e3b0c44298fc1c149afbf4c8996fb92427ae41e4649b934ca495991b7852b855,879d1dcb8542b77b7c8a1596d02dc7b7c24e893e8786106ba32ef089e50de108,1f90a6cd89f9a1649f981a9812c44575002c70ee2fc9104acbec916b73deac7d,c5e536361221d6cc36d7fba4254a2e8a0a560ac6eb7c00cc979a4ab70faa3ae5,972f73882045ed27f2c061c49cca4a02ef3d64021746714086aab3fed96a53a0,26ec4021e615be5b2de99a82ec665446527db2d9c9735806e245848c74a6af0b,0ef31d86ce41b34bf0020a55d9a112e362d69c21be0f9cfb3658984ae038e8a6,5241f5e642f01b4676f4be6fd243f07d9dfd6f02d62280aab8935cd31c3c3014,0.003782487,0.082187181,0000
75,001a,0010,e3b0c44298fc1c149afbf4c8996fb92427ae41e4649b934ca495991b7852b855,b6baf8019703ab0a6a6d30698142064b7f78673ed40b71ad9782dd7e8d8a2176,273bd01913ea977b6a2972d58ed84d76344d6dc07f1676b98775e17fef2435be,c5e536361221d6cc36d7fba4254a2e8a0a560ac6eb7c00cc979a4ab70faa3ae5,972f73882045ed27f2c061c49cca4a02ef3d64021746714086aab3fed96a53a0,26ec4021e615be5b2de99a82ec665446527db2d9c9735806e245848c74a6af0b,c86c60c534e60aabdda4da07a5c963d47a9ac966c693aac4ca872764f24255e7,5abf952bc9b1286c8961a18c02ce4ba94b71f65dd704f104e404de98e0ed5e11,0.003607079,0.082183062,0000
76,001a,0010,e3b0c44298fc1c149afbf4c8996fb92427ae41e4649b934ca495991b7852b855,dd96815f520d6b06e57ac1cba62968c3dccd9db2845683bf474550651b59702a,4f12b17751a7935ec38bdc952d539d5a9b7be68f54c7fc0a5e3f5caf418c560a,c5e536361221d6cc36d7fba4254a2e8a0a560ac6eb7c00cc979a4ab70faa3ae5,972f73882045ed27f2c061c49cca4a02ef3d64021746714086aab3fed96a53a0,26ec4021e615be5b2de99a82ec665446527db2d9c9735806e245848c74a6af0b,961af5adc3ea9478dcd8b3ec71ce91d5f2f0908e771e73a7b9a3192c1ca73fdd,867e0137b4a700988067469bfa71aaf6d2f1a144de595a008ed9c7ada555949e,0.003737792,0.082378721,0000
77,001a,0010,e3b0c44298fc1c149afbf4c8996fb92427ae41e4649b934ca495991b7852b855,7cba01352d0dc19a29c3964b61b1f5a8b8379b429e5438bb8a3f44c4fe901a5b,b13a4632dac83ffeb7c3dbcb83c99d83675269ccee3799a228e983dcf7908e45,c5e536361221d6cc36d7fba4254a2e8a0a560ac6eb7c00cc979a4ab70faa3ae5,972f73882045ed27f2c061c49cca4a02ef3d64021746714086aab3fed96a53a0,26ec4021e615be5b2de99a82ec665446527db2d9c9735806e245848c74a6af0b,5c7246989ab1d12194c85dd19b72f0d4a58fc06a54bf98c4455d27737563e097,12e88d0cf4fe6ffeef1133cce82b81b96f7f6610b6f742433b51c1869e1bb039,0.003746304,0.082216500,0000
78,001a,0010,e3b0c44298fc1c149afbf4c8996fb92427ae41e4649b934ca495991b7852b855,266be7b00134ff425136ea8e3931fd15bcea9f0237e8abfd0cbae88bcc2e7207,b3ebdda9d385ccfea4c18b2a35bbe6006f8d520fb1cf1aba4cf5a24078aaab80,c5e536361221d6cc36d7fba4254a2e8a0a560ac6eb7c00cc979a4ab70faa3ae5,972f73882045ed27f2c061c49cca4a02ef3d64021746714086aab3fed96a53a0,26ec4021e615be5b2de99a82ec665446527db2d9c9735806e245848c74a6af0b,7f0e95eaf97f02b7157735a6edc46b44581fd59d81bb74a0cd121454f49751b1,ab0c8efe00bf3dbea342865bb6516f513b0dd5ec9e7d4dae69572c43ed6303f1,0.003741914,0.082281358,0000
79,001a,0010,e3b0c44298fc1c149afbf4c8996fb92427ae41e4649b934ca495991b7852b855,06bbd69b1be39b27692a3060b86c78f2e8ea9f23d2be40ec61d153cfb0ac7db0,864e44485c5c607307eceee9b9f314af449793b1559fa040c079c5e8f03693d7,c5e536361221d6cc36d7fba4254a2e8a0a560ac6eb7c00cc979a4ab70faa3ae5,972f73882045ed27f2c061c49cca4a02ef3d64021746714086aab3fed96a53a0,26ec4021e615be5b2de99a82ec665446527db2d9c9735806e245848c74a6af0b,a0b9b5843ddd38b674aa42ac7c1e9245dfe357995c8f404474a43740afb303f6,e5caaf65a436cdc7b5e48b7a299d5e7c1fef9cbcddf19543641f553f7f50190c,0.003796403,0.082229533,0000
80,001a,0010,e3b0c44298fc1c149afbf4c8996fb92427ae41e4649b934ca495991b7852b855,c9b411ec9b18471a8fa9c257475ac076dfa3356137fde105fe8f97d6dfe52b3d,4de04af1da5d5c21a4a4c76ff53d4352dbaf2419863d1da6e8103a91022d380e,c5e536361221d6cc36d7fba4254a2e8a0a560ac6eb7c00cc979a4ab70faa3ae5,972f73882045ed27f2c061c49cca4a02ef3d64021746714086aab3fed96a53a0,26ec4021e615be5b2de99a82ec665446527db2d9c9735806e245848c74a6af0b,ab52f908ecf993491af32512f5c8888232f19b187b39b21192a5962b205931c2,837093a47d383812e97c0ebdda218f96a47d620b768a4cb39fb5f192fff21d6a,0.003787381,0.082142797,0000
81,001a,0010,e3b0c44298fc1c149afbf4c8996fb92427ae41e4649b934ca495991b7852b855,30061ba3bc9ef21017da1785c08da48b1c5f0b6b13a23d11eb2516487155e62c,8cab297e6a582f490be5452b6f17e588d6a7719447be668c438ca209b11ba18f,c5e536361221d6cc36d7fba4254a2e8a0a560ac6eb7c00cc979a4ab70faa3ae5,972f73882045ed27f2c061c49cca4a02ef3d64021746714086aab3fed96a53a0,26ec4021e615be5b2de99a82ec665446527db2d9c9735806e245848c74a6af0b,5845a78b9a83bc392b1ab4a930a8670e30f2b3c2ac13bf10bdc5b51d666850ae,a38115d766a23f14073784e3c9e747f7e083c543185bb4025ae4ab70017b7fbd,0.003766942,0.082200780,0000
82,001a,0010,e3b0c44298fc1c149afbf4c8996fb92427ae41e4649b934ca495991b7852b855,3f0aaaa9cb8ac4fa2d3eb75c012f29eecfcbd5011915ca986590ed25536fe9f7,e890716f53995aaa96a56627e3ba9ef3fded6315e1a37b5364dc57ee31433c2d,c5e536361221d6cc36d7fba4254a2e8a0a560ac6eb7c00cc979a4ab70faa3ae5,972f73882045ed27f2c061c49cca4a02ef3d64021746714086aab3fed96a53a0,26ec4021e615be5b2de99a82ec665446527db2d9c9735806e245848c74a6af0b,c0ab213e16b71c5c89fe1089b01bd37cf2893bccc28ad40baac89fbb6199d78f,ec6e6951c8436347b1cb2d1db6822b4a86e7dec61dca0d427bcf5002f5249ed0,0.003813031,0.082208857,0000
83,001a,0010,e3b0c44298fc1c149afbf4c8996fb92427ae41e4649b934ca495991b7852b855,ef0290c62b5ed0c9390b99d2a7e6b2c7edce3efd9a8387d9a0cf9d6e97d4ccfc,6b580a35a2f728b0e4edb64b3f180c0cfcec9777ad29b6b21bdf097157e50ac1,c5e536361221d6cc36d7fba4254a2e8a0a560ac6eb7c00cc979a4ab70faa3ae5,972f73882045ed27f2c061c49cca4a02ef3d64021746714086aab3fed96a53a0,26ec4021e615be5b2de99a82ec665446527db2d9c9735806e245848c74a6af0b,214c97df0c9e17a37db179f1fa11f09ee173265d6b1b542e697be9100456bbc6,8d5018ae227159782c590a5996b01d783e11bc755ed9e76268d274656b701208,0.003790275,0.082196321,0000
84,001a,0010,e3b0c44298fc1c149afbf4c8996fb92427ae41e4649b934ca495991b7852b855,1b94977b8b5f3e96db00260d72bdc58cb7acf477bed4e9a5cf237ba805b9a367,96e30ae4ce48744428e313f67c147ea03e05c7cb0c093130e4092cdccb095227,c5e536361221d6cc36d7fba4254a2e8a0a560ac6eb7c00cc979a4ab70faa3ae5,972f73882045ed27f2c061c49cca4a02ef3d64021746714086aab3fed96a53a0,26ec4021e615be5b2de99a82ec665446527db2d9c9735806e245848c74a6af0b,56aca2c338645eccfcd73a8165ea93bd83ed38cceceef6288335210285b5f588,280ece4c341c7eb6b47642defe80e37c90eb7fa009858f8fd0edccc13de954a5,0.003755920,0.082154548,0000
85,001a,0010,e3b0c44298fc1c149afbf4c8996fb92427ae41e4649b934ca495991b7852b855,2031e5cf88e18f74574587717a4bfc5c0e783388a1f3dadec079350040440cf9,7925b9fe14fc0bfe46eb8a3bc85aa2bed87fefa895fea665a34c8665b281f945,c5e536361221d6cc36d7fba4254a2e8a0a560ac6eb7c00cc979a4ab70faa3ae5,972f73882045ed27f2c061c49cca4a02ef3d64021746714086aab3fed96a53a0,26ec4021e615be5b2de99a82ec665446527db2d9c9735806e245848c74a6af0b,ff639ae703903108f67e9a046b77cfd6db37319eb92fa1673b4dc2ddd0580448,aabf14a83fc2afb5fcb93a55f437ded152995f29b9cd58c3023d3c1658bee3e0,0.003822671,0.082208876,0000
86,001a,0010,e3b0c44298fc1c149afbf4c8996fb92427ae41e4649b934ca495991b7852b855,4cf572d5852d482986cc07a7311de7d99ca737ab4d9396503879c67923a154f9,86bd2f308cb439e815bcc698a7459c0acd111e08ff059887303d1cfe90ddfe79,c5e536361221d6cc36d7fba4254a2e8a0a560ac6eb7c00cc979a4ab70faa3ae5,972f73882045ed27f2c061c49cca4a02ef3d64021746714086aab3fed96a53a0,26ec4021e615be5b2de99a82ec665446527db2d9c9735806e245848c74a6af0b,61034290140125e7161ce3aa20d4db37670fe7d4fd74a271b8cef6d837680c9b,29977ee427a4751e3e7a38f2dc51578b18d70ad9a348544701c6f408580d3333,0.003769211,0.082156473,0000
87,001a,0010,e3b0c44298fc1c149afbf4c8996fb92427ae41e4649b934ca495991b7852b855,14904c58d0aa07fe393c194dc547871b22aa2c295d6f05efc724cf0d9649bc6d,40aa88018d11a599e4d90c484bb28f2561943029692c407a78619283a4ae8bea,c5e536361221d6cc36d7fba4254a2e8a0a560ac6eb7c00cc979a4ab70faa3ae5,972f73882045ed27f2c061c49cca4a02ef3d64021746714086aab3fed96a53a0,26ec4021e615be5b2de99a82ec665446527db2d9c9735806e245848c74a6af0b,e673a679a26e863dfed093f7bdf7365121754a8e2cc69e6de6e1ce5398ea1619,a5accc9a9be756efcb9c31ce8e2dc28789c5aef4fcead8a2466aed18a9c4b707,0.003744344,0.082176374,0000
88,001a,0010,e3b0c44298fc1c149afbf4c8996fb92427ae41e4649b934ca495991b7852b855,6a216bc4ea8dc7cb673eb628a5b12d932cad69131c21d224434a6adcbec31d43,83f0bfc512d9bcfe07bf2998fe7f459ab50b724d1916a3664ae7f4d2f23bbf90,c5e536361221d6cc36d7fba4254a2e8a0a560ac6eb7c00cc979a4ab70faa3ae5,972f73882045ed27f2c061c49cca4a02ef3d64021746714086aab3fed96a53a0,26ec4021e615be5b2de99a82ec665446527db2d9c9735806e245848c74a6af0b,4adf7affb6b88e9b5a9e361d0d14b153548b394f38bbcb0f262b24edaca857f9,ac93493dfc7818da5beff46fefa9141dd8e1b4ef1abf86ce2302191f05b170d4,0.003793058,0.082242772,0000
89,001a,0010,e3b0c44298fc1c149afbf4c8996fb92427ae41e4649b934ca495991b7852b855,fb5c0e093502ba3dea2db71eedddb56b197d53db04b946d54214ba0c58da3b01,093d6653d2c5f59a15c7fd9b67bde540ced1d1591558f40bbc6a77a02b5178a9,c5e536361221d6cc36d7fba4254a2e8a0a560ac6eb7c00cc979a4ab70faa3ae5,972f73882045ed27f2c061c49cca4a02ef3d64021746714086aab3fed96a53a0,26ec4021e615be5b2de99a82ec665446527db2d9c9735806e245848c74a6af0b,95d58b0ea5c851983c7aa583e137101d734e853af26c3c095ac43626addf07a4,3760f0336a2306f294cabaac0d024de360bbc4ad7ba3a6e5857420573eb38e03,0.003764448,0.082190471,0000
90,001a,0010,e3b0c44298fc1c149afbf4c8996fb92427ae41e4649b934ca495991b7852b855,c02ed66f1faa4778aae5ad1cab2427f85bcd948909082e38c71c3113c2eafa11,4dfae58856f928876219f9be6a454b6f5e8a4cdef0192c3e72a14c88cca30f5c,c5e536361221d6cc36d7fba4254a2e8a0a560ac6eb7c00cc979a4ab70faa3ae5,972f73882045ed27f2c061c49cca4a02ef3d64021746714086aab3fed96a53a0,26ec4021e615be5b2de99a82ec665446527db2d9c9735806e245848c74a6af0b,05c5e63935d30a5f8eae1b764c4f74aa4442053698bbcb95e8d58bd3c725a83e,1e69474ceca9c86a5eab233670994d631fc99f6996caa12c7e0d088c1fb2f4de,0.003789255,0.082196779,0000
91,001a,0010,e3b0c44298fc1c149afbf4c8996fb92427ae41e4649b934ca495991b7852b855,5cc15fe4d6b673580315b05ed15305988bb4941bb2f9173e07deaaadbf991d4f,6b8eddc19efedb2392d11ce8adf71a35282a28b7af0e335633fdf2ed41a977c8,c5e536361221d6cc36d7fba4254a2e8a0a560ac6eb7c00cc979a4ab70faa3ae5,972f73882045ed27f2c061c49cca4a02ef3d64021746714086aab3fed96a53a0,26ec4021e615be5b2de99a82ec665446527db2d9c9735806e245848c74a6af0b,4f1af11d3cb0dd6e4e1bb60c0f5df2dc58032248ddf1a845f9cbbda4ce7c9264,b4d97fecac3edd7be53aaaa43621d92b4c39869b47300d122cca432e43af28a5,0.003766151,0.082258836,0000
92,001a,0010,e3b0c44298fc1c149afbf4c8996fb92427ae41e4649b934ca495991b7852b855,379a864817d3e875831151f8e1a5ebe3c519ca5f3fbe9cd82409c65b03fb0f9e,d7319ebce85047b283c390567797b8a002759a271f45c68717de05dbde425e30,c5e536361221d6cc36d7fba4254a2e8a0a560ac6eb7c00cc979a4ab70faa3ae5,972f73882045ed27f2c061c49cca4a02ef3d64021746714086aab3fed96a53a0,26ec4021e615be5b2de99a82ec665446527db2d9c9735806e245848c74a6af0b,c903fd4e5380d60dc849f4670bfccb4076dc0ca0efd49fa65a3cbdb5491d1441,5e039ac31dcb4a3410d49534941c8fc4b059d48c5f74c5eef1e76a970609b762,0.003822927,0.082182568,0000
93,001a,0010,e3b0c44298fc1c149afbf4c8996fb92427ae41e4649b934ca495991b7852b855,a8e01019567f794ef9cb29094a49701b3fbfd56ec2be23406ac4f6620d0cf430,7d47422f05321f6033c170ba73cb5e992861f79664c22b88772697e55af20e08,c5e536361221d6cc36d7fba4254a2e8a0a560ac6eb7c00cc979a4ab70faa3ae5,972f73882045ed27f2c061c49cca4a02ef3d64021746714086aab3fed96a53a0,26ec4021e615be5b2de99a82ec665446527db2d9c9735806e245848c74a6af0b,811cedb95798bea3bab46be7e86465aa1b1445073763fc87b0829682323a7449,9ce377ff16536adc628053af10b4942459392bcb74a8350bb388f062bd6d8eef,0.003802504,0.082109126,0000
94,001a,0010,e3b0c44298fc1c149afbf4c8996fb92427ae41e4649b934ca495991b7852b855,7407b259a1608aac6d21073d038e46785ed6c44e6af8d5c70517672c55d7bc8a,e0742cd76fa9335701aba1fe065b68185776050f283d1ae9d0798cae242ae997,c5e536361221d6cc36d7fba4254a2e8a0a560ac6eb7c00cc979a4ab70faa3ae5,972f73882045ed27f2c061c49cca4a02ef3d64021746714086aab3fed96a53a0,26ec4021e615be5b2de99a82ec665446527db2d9c9735806e245848c74a6af0b,17bf35917bff3a2c2f0496677e1e726f5a7c62ad742764e8e162838338885369,2e776cef6a049e03e1f9c99f551f34762703c8a6b6f24665b9d67d2f40f3a136,0.003768302,0.082187570,0000
95,001a,0010,e3b0c44298fc1c149afbf4c8996fb92427ae41e4649b934ca495991b7852b855,6becca248b21992f209fbc766b782f3705f2ea7810bf0957f4367671a298c018,ee88bee88bc392a76a8b116ce32361049b15e8405f1fdd4687f8f9613f7d2f78,c5e536361221d6cc36d7fba4254a2e8a0a560ac6eb7c00cc979a4ab70faa3ae5,972f73882045ed27f2c061c49cca4a02ef3d64021746714086aab3fed96a53a0,26ec4021e615be5b2de99a82ec665446527db2d9c9735806e245848c74a6af0b,e10fa4fbc87f37c1c5699d458a4ddef314ba4691d94f24cc2c61d684da721ee4,0e187ddfdf8486765e1f62927ae9c6ba4117330f0537665712b116e9f2cc9515,0.003795598,0.082193109,0000
96,001a,0010,e3b0c44298fc1c149afbf4c8996fb92427ae41e4649b934ca495991b7852b855,260220bb3524a1a888990a52cf4a64c5b446f04d18acb8bd276735919c15db7b,b448c0839696155b57423f05ca748be5e183dccc8b8e7e7cc4dae923c4e278c6,c5e536361221d6cc36d7fba4254a2e8a0a560ac6eb7c00cc979a4ab70faa3ae5,972f73882045ed27f2c061c49cca4a02ef3d64021746714086aab3fed96a53a0,26ec4021e615be5b2de99a82ec665446527db2d9c9735806e245848c74a6af0b,c4b34ed4abfbdcd7459c791d2687c6be8db58c43075cbb0158dd296813413819,7b7ff44928f79aaceff216809a7355e8feff290bc86c428a8efcbb57c4340c6b,0.003794260,0.082232309,0000
97,001a,0010,e3b0c44298fc1c149afbf4c8996fb92427ae41e4649b934ca495991b7852b855,d41f8f3885f29e85f62697cbaec276050222aa9f9b0acca1a02cbad6c0a16cb4,e5154637f1b30fca92fc0bc4b74d2edf5936c69f2541ad10b5a398bc95696691,c5e536361221d6cc36d7fba4254a2e8a0a560ac6eb7c00cc979a4ab70faa3ae5,972f73882045ed27f2c061c49cca4a02ef3d64021746714086aab3fed96a53a0,26ec4021e615be5b2de99a82ec665446527db2d9c9735806e245848c74a6af0b,48d870a39ea967e89a5af56e918839cb8c132b2492f6260889ddb50b740aada4,159f00bdf640ce88afc3602e9535082fa653eac7556c47d7da8a51165526db8b,0.003794704,0.082176931,0000
98,001a,0010,e3b0c44298fc1c149afbf4c8996fb92427ae41e4649b934ca495991b7852b855,5f7e889891cf7f3d7a672cee0a259b03050695c897f1b39d339e9c0c3647ffbc,27f699956a17314ca8c620cd8414e6cbc07675985cab0ebc0334ae420aedae7b,c5e536361221d6cc36d7fba4254a2e8a0a560ac6eb7c00cc979a4ab70faa3ae5,972f73882045ed27f2c061c49cca4a02ef3d64021746714086aab3fed96a53a0,26ec4021e615be5b2de99a82ec665446527db2d9c9735806e245848c74a6af0b,84adc2c3546433c3597c1db571dcfb8ff96efd61fad0b6084ae1471d3bd542a6,50d64754fb4ff763b797aed99e2568d2aacb9c91310ed0a75226ca32310eb996,0.003771072,0.082153031,0000
99,001a,0010,e3b0c44298fc1c149afbf4c8996fb92427ae41e4649b934ca495991b7852b855,5f6889dd67b8ff77eb4c3d260f271ba598f0012d00066503b215bc855c5a8227,24dc06285a7ed3c51854d145e11697a8ec273f46a1093f44f6ea1e54402508a1,c5e536361221d6cc36d7fba4254a2e8a0a560ac6eb7c00cc979a4ab70faa3ae5,972f73882045ed27f2c061c49cca4a02ef3d64021746714086aab3fed96a53a0,26ec4021e615be5b2de99a82ec665446527db2d9c9735806e245848c74a6af0b,1d0771aed8ad9a78c1bcb071fe53e47d9885953a3c88e6da4214a6d4dfd142bf,21f7971e7fc3dafe804cd7a79de7a6824ae26e6fb4e795afec8d4f92d210e43c,0.003764505,0.082203502,0000
100,001a,0010,e3b0c44298fc1c149afbf4c8996fb92427ae41e4649b934ca495991b7852b855,96ed5a486e3aaae55682980ba9f260d9ca69b7516c1552d3b0b25561652079c1,027d275b8a8d6a36ed294dc5be9c632a83737b26dd854bfe916021413f91ae90,c5e536361221d6cc36d7fba4254a2e8a0a560ac6eb7c00cc979a4ab70faa3ae5,972f73882045ed27f2c061c49cca4a02ef3d64021746714086aab3fed96a53a0,26ec4021e615be5b2de99a82ec665446527db2d9c9735806e245848c74a6af0b,d8b55596c45f8cf5141d1908c67029c50f028ca8d5b1d042f5af6c499aeaecf8,2b7be3a2d3c245b70ff1021863ebcee002bfc284fe5bc7da204c22999e9b6990,0.003803124,0.082161265,0000
101,001a,0010,e3b0c44298fc1c149afbf4c8996fb92427ae41e4649b934ca495991b7852b855,67d2e2c2a7e3248a60236be4b8b18a1ddffe483b4ec81f07024ab0b27de13baa,c0786ee1fd044559081cb01132e784088783e1b55117f64b54dca9d25479c492,c5e536361221d6cc36d7fba4254a2e8a0a560ac6eb7c00cc979a4ab70faa3ae5,972f73882045ed27f2c061c49cca4a02ef3d64021746714086aab3fed96a53a0,26ec4021e615be5b2de99a82ec665446527db2d9c9735806e245848c74a6af0b,4d2a3d39d2b76ba8a035ebdf73bc9cfdfa44e1b3775551c49b46f2242374f933,03aa547444044927928e382f255a03760616c4b682a9a75a131f98d2377ad2eb,0.003529312,0.082127949,0000
102,001a,0010,e3b0c44298fc1c149afbf4c8996fb92427ae41e4649b934ca495991b7852b855,81ccef03ad2c7ea7bcc75cfad8d66c74e69bc4c6188f1527ba2fea93e226caf2,9b8a0f8d7fb3d3e0184bd2c55b4c7c2055c7bdee572ba3b0cc5bef981275e0fb,c5e536361221d6cc36d7fba4254a2e8a0a560ac6eb7c00cc979a4ab70faa3ae5,972f73882045ed27f2c061c49cca4a02ef3d64021746714086aab3fed96a53a0,26ec4021e615be5b2de99a82ec665446527db2d9c9735806e245848c74a6af0b,84af46c1439cc7422845f6dbf6d03a35ed8a4eb70ea4546cedfb05cd86d3815e,4f349032ecf3375f85872cd1850788ff30dcc113f39a48c5c2915faf99571955,0.003774034,0.082529886,0000
103,001a,0010,e3b0c44298fc1c149afbf4c8996fb92427ae41e4649b934ca495991b7852b855,0b2dc0a537106d49dcfee26fa38cfc387976cb4590aa7a1dc7be768884e50c9a,6d8be750be006932f1a22bf0b6f2f1b07e1b37800f5fe794217f2e176a50c46e,c5e536361221d6cc36d7fba4254a2e8a0a560ac6eb7c00cc979a4ab70faa3ae5,972f73882045ed27f2c061c49cca4a02ef3d64021746714086aab3fed96a53a0,26ec4021e615be5b2de99a82ec665446527db2d9c9735806e245848c74a6af0b,6880c70dac7034b692e9362679ead4f9f9dd351a63c6675a3bab025977a3f342,0e265e7e571afca9ed94e7a7f459fb17abec0cc37111d8451b55d84fbfaa7bff,0.003780613,0.082192129,0000
104,001a,0010,e3b0c44298fc1c149afbf4c8996fb92427ae41e4649b934ca495991b7852b855,b745531ddf22d5d5d402bc70550475ed953bc4211ce92cf02e2b3a5a1444b7ff,b3f05b3470a267f403e0fe41c99bbebf39ab1725d1c755e7df480a8563d4f5a6,c5e536361221d6cc36d7fba4254a2e8a0a560ac6eb7c00cc979a4ab70faa3ae5,972f73882045ed27f2c061c49cca4a02ef3d64021746714086aab3fed96a53a0,26ec4021e615be5b2de99a82ec665446527db2d9c9735806e245848c74a6af0b,ac5efadb4b895fe8f9f555271b9842045a86208d24d0bc2b9331fe8c62a4477e,fdac17c6066919f23f80183f9063308d607d02d7a7ba38d2f4484a18472c7b56,0.003576704,0.082201392,0000
105,001a,0010,e3b0c44298fc1c149afbf4c8996fb92427ae41e4649b934ca495991b7852b855,d6e5617d5527a8dc954f7d8e87278a8915e23ac0590649f7fdb25ee33a8bad38,7bd3df6e5fa62bddb28ea1613f4da0a9f613572bb1af48714435bad5c6939655,c5e536361221d6cc36d7fba4254a2e8a0a560ac6eb7c00cc979a4ab70faa3ae5,972f73882045ed27f2c061c49cca4a02ef3d64021746714086aab3fed96a53a0,26ec4021e615be5b2de99a82ec665446527db2d9c9735806e245848c74a6af0b,b836905dcc86e6f5ea46583310fe555b3766fb7e105548716b2c8cf53f3705d9,70effa5b998fd7989460e31f4ace79efabc62ca663dd5df395d092fd3bfbb6f5,0.003758100,0.082378861,0000
106,001a,0010,e3b0c44298fc1c149afbf4c8996fb92427ae41e4649b934ca495991b7852b855,4a35e26b9ba400581bea50827ed329c000726ead1b74059dc17ccb826eb464b0,b832375ea126982772e106caf0111b90cba5b713ec370906d500d7b017e6f0ba,c5e536361221d6cc36d7fba4254a2e8a0a560ac6eb7c00cc979a4ab70faa3ae5,972f73882045ed27f2c061c49cca4a02ef3d64021746714086aab3fed96a53a0,26ec4021e615be5b2de99a82ec665446527db2d9c9735806e245848c74a6af0b,c3724aef3030d611b501ef91120f8edfb33fd9a2ccb6430b8bc428797038b75e,cb6a8fcf667dc7eddaf54cac84595924405f200517134653e815cb2f62b497d1,0.003754711,0.082203696,0000
107,001a,0010,e3b0c44298fc1c149afbf4c8996fb92427ae41e4649b934ca495991b7852b855,1ac91b2a6ac373d45b8dd94dde8672a01d384cadd1a67fd962486341ce1d37b7,0f81fc728d1b2782f52c3348cb6b101a4b1ff133e00ef8e8940a11edad673863,c5e536361221d6cc36d7fba4254a2e8a0a560ac6eb7c00cc979a4ab70faa3ae5,972f73882045ed27f2c061c49cca4a02ef3d64021746714086aab3fed96a53a0,26ec4021e615be5b2de99a82ec665446527db2d9c9735806e245848c74a6af0b,d7ec600cf74270365ab4ae5ed521b08c4fb96088d657e44c1808690d28065046,8aed79a3c45a7cd63bcdde856483e3792b778de34330790e7975b561abc23a73,0.003777382,0.082242619,0000
108,001a,0010,e3b0c44298fc1c149afbf4c8996fb92427ae41e4649b934ca495991b7852b855,9f439215fff7d715ec52facc1f268510cc5359ecd267ccd0aef199a32def131e,084ffee362f091bbec90c84b8640ba3fcb0a9e3e2a4b3bdbfb8b894731b87c40,c5e536361221d6cc36d7fba4254a2e8a0a560ac6eb7c00cc979a4ab70faa3ae5,972f73882045ed27f2c061c49cca4a02ef3d64021746714086aab3fed96a53a0,26ec4021e615be5b2de99a82ec665446527db2d9c9735806e245848c74a6af0b,fed191e0a88e77c93392147b172260886bfba763c91b3aea772e896d11ad0821,6f9ae280411dc431217f840de82e28492d1baf12fbd678ebaff921f25b706ece,0.003769674,0.082171053,0000
109,001a,0010,e3b0c44298fc1c149afbf4c8996fb92427ae41e4649b934ca495991b7852b855,79e800d973f5e653852ed6f856d87086f5781a36613e6e06577d9b73a5f09ec5,ec760cf58fcf68648946324b39c6bc0346df0ad8bcf114cb763b3404be985945,c5e536361221d6cc36d7fba4254a2e8a0a560ac6eb7c00cc979a4ab70faa3ae5,972f73882045ed27f2c061c49cca4a02ef3d64021746714086aab3fed96a53a0,26ec4021e615be5b2de99a82ec665446527db2d9c9735806e245848c74a6af0b,197f8bf530955216c5ebfda48174ef62a8ad45c92c5a295a2fda7c266a33c765,9994303b0e62d6bb7ee4da1bea768a343f268ec9b3041f4bd91742e306e15bcf,0.003747507,0.082242102,0000
110,001a,0010,e3b0c44298fc1c149afbf4c8996fb92427ae41e4649b934ca495991b7852b855,da98d554ab57cab69603a347f3f05349e2af8517014efbe666d188a3a536b9f4,6e0f063b67fde840207f168760e768e4ca4b1db2ae82645e0f4e575c3a4d0c96,c5e536361221d6cc36d7fba4254a2e8a0a560ac6eb7c00cc979a4ab70faa3ae5,972f73882045ed27f2c061c49cca4a02ef3d64021746714086aab3fed96a53a0,26ec4021e615be5b2de99a82ec665446527db2d9c9735806e245848c74a6af0b,d2e4aaa242ac27cc824f4c6d61323215ea03251b6e224c42ffe35edb83ae9967,f036549ea5a23a83ea03d40a64f21bbba11fec4bd66e7b36f556f7b4c45a6611,0.003790220,0.082216369,0000
111,001a,0010,e3b0c44298fc1c149afbf4c8996fb92427ae41e4649b934ca495991b7852b855,fccaa90cb004f91f0ff3cf4c7002a0eff9bb717245e3dd4bca85bdde5d851a3d,b79445eec989d5bc1824c113e0a27216ff5902bc661a02a9818dd1f9de4cb94b,c5e536361221d6cc36d7fba4254a2e8a0a560ac6eb7c00cc979a4ab70faa3ae5,972f73882045ed27f2c061c49cca4a02ef3d64021746714086aab3fed96a53a0,26ec4021e615be5b2de99a82ec665446527db2d9c9735806e245848c74a6af0b,9014b3fee95af9139f808e1fea3993c3db60cde8f5276b3454631a95948ab2e8,f8d680d08c7507ca0e34b822ac76004c8b29b1f6b50dc83fc3ba7ead252981bc,0.003770652,0.082181858,0000
112,001a,0010,e3b0c44298fc1c149afbf4c8996fb92427ae41e4649b934ca495991b7852b855,c1d9a8ede807eb06a1bca7f420adb0ae986261e7329abe9a8aa981fe2bb7a72f,5ca79ec29f1f67119e3639ca747ec475341770273529b972e818ec414bc7f723,c5e536361221d6cc36d7fba4254a2e8a0a560ac6eb7c00cc979a4ab70faa3ae5,972f73882045ed27f2c061c49cca4a02ef3d64021746714086aab3fed96a53a0,26ec4021e615be5b2de99a82ec665446527db2d9c9735806e245848c74a6af0b,483f09acfcd98bad207c1919520fce921e1921747f26a15ba8aa87e1fbb7d5fe,bd1f47b653888ab1b18e798fe7cbeacb455d322a9ea3fb83632588e9e0ef824a,0.003776254,0.082218373,0000
113,001a,0010,e3b0c44298fc1c149afbf4c8996fb92427ae41e4649b934ca495991b7852b855,c0f5100408f6af305213a41654e03eaf4890dd71463d081ec8b627ff26385fe2,0b1b8a9d099834eebc9dc61219ff2759e35ba933a7ef70376f40f578b8b97221,c5e536361221d6cc36d7fba4254a2e8a0a560ac6eb7c00cc979a4ab70faa3ae5,972f73882045ed27f2c061c49cca4a02ef3d64021746714086aab3fed96a53a0,26ec4021e615be5b2de99a82ec665446527db2d9c9735806e245848c74a6af0b,9d1b0557b7db3fa7a844b9698733a7ad5639f69c424cfd0b59de9fa52dd8bff7,32cfc297d3a0a97c05d348ac7fc93040e902d53fbe67b430bfc25c3ef26ef362,0.003800063,0.082168222,0000
114,001a,0010,e3b0c44298fc1c149afbf4c8996fb92427ae41e4649b934ca495991b7852b855,3d0233457abc2d6c6f1cb51adca1ff24b0730b5e18eb64eeeb51a203d5d5e33e,183aa0313dc63f7dbba70b3542b0af7405355d679d35043454a8e3e6be9588be,c5e536361221d6cc36d7fba4254a2e8a0a560ac6eb7c00cc979a4ab70faa3ae5,972f73882045ed27f2c061c49cca4a02ef3d64021746714086aab3fed96a53a0,26ec4021e615be5b2de99a82ec665446527db2d9c9735806e245848c74a6af0b,d6ed83ad65f1464d132b4cba39fbd2e3cc26035658836aa51a8a2b1645257d52,ccf29102796ad94054497625ade669b2808cf2495a4ed6dcc0f08d471586de49,0.003788547,0.082193645,0000
115,001a,0010,e3b0c44298fc1c149afbf4c8996fb92427ae41e4649b934ca495991b7852b855,dda7d01a88bf888e0353b1919edc7fbd21395a2b666a3a27c267ff96ba3c3d54,1ddf5a20816b698065148a9785f09745947c98aab60980157fc952a5bee23d56,c5e536361221d6cc36d7fba4254a2e8a0a560ac6eb7c00cc979a4ab70faa3ae5,972f73882045ed27f2c061c49cca4a02ef3d64021746714086aab3fed96a53a0,26ec4021e615be5b2de99a82ec665446527db2d9c9735806e245848c74a6af0b,070fa0561e2e3a73573f29329148c4e25bd7e34048f8c6db23655fd9704b9929,872ae3cde3fd43cd7d72f0d23fbebc981c50f216317b59a0429c937d08af83e9,0.003763312,0.082191251,0000
116,001a,0010,e3b0c44298fc1c149afbf4c8996fb92427ae41e4649b934ca495991b7852b855,551c0253ce53e891453b42a441c3afa3ad54bdcaf83eb74929719fa7a2897fb3,6c55af3e0c934929a7044a17f6ec5397a45938d1936e5a486a0f0db7b5511ad5,c5e536361221d6cc36d7fba4254a2e8a0a560ac6eb7c00cc979a4ab70faa3ae5,972f73882045ed27f2c061c49cca4a02ef3d64021746714086aab3fed96a53a0,26ec4021e615be5b2de99a82ec665446527db2d9c9735806e245848c74a6af0b,a9900e512e7a41b423538dc7d518746569c625d72053749f5638d43a6e44b7f1,122bdaadb50743c2ca82d8511fd873fc6c955db11b78bdd27e48a6c8c99a93b6,0.003774299,0.082218848,0000
117,001a,0010,e3b0c44298fc1c149afbf4c8996fb92427ae41e4649b934ca495991b7852b855,e97252ad499d00d28e2a1650ce15ec272302db29423109a307604055c2787727,c07cad82c5a0a8d2cf9511ac4cf68fbb3ed75db054abd93c4bc8d8ab06d62506,c5e536361221d6cc36d7fba4254a2e8a0a560ac6eb7c00cc979a4ab70faa3ae5,972f73882045ed27f2c061c49cca4a02ef3d64021746714086aab3fed96a53a0,26ec4021e615be5b2de99a82ec665446527db2d9c9735806e245848c74a6af0b,aa9b8504d0aea7c455d5cd1addd9b1c13122ce36b287a791ddc7e598791274b9,f909822ace495cc3361793118eeca2ec3090d5fa62898cc02c1baa146b707792,0.003779640,0.082190782,0000
118,001a,0010,e3b0c44298fc1c149afbf4c8996fb92427ae41e4649b934ca495991b7852b855,b853fa59e86f2ad4928d6600624a55f8f8779848ecd921c696e4e58376d66671,30d48dc80e2e22374520e271a216f764b835984f34ebecc0596eb6d6cad44c7d,c5e536361221d6cc36d7fba4254a2e8a0a560ac6eb7c00cc979a4ab70faa3ae5,972f73882045ed27f2c061c49cca4a02ef3d64021746714086aab3fed96a53a0,26ec4021e615be5b2de99a82ec665446527db2d9c9735806e245848c74a6af0b,15646714436a756c157842e25c2ca35a0035cb8631fb90637129c1b1584c2e90,71814b622d33d352cda57ad506d2bbcd5eb3cb822f0c39783407fc4b8709a836,0.003799922,0.082191796,0000
119,001a,0010,e3b0c44298fc1c149afbf4c8996fb92427ae41e4649b934ca495991b7852b855,93ab7c16dd6b27c7256bbb50cc9cc5f1a2b4f18d8c2583618d8f480ffce4b1db,7b04962fa8b82b7e5906638a635ce8b7d25856c4fe6df9f6e29492476cd73c66,c5e536361221d6cc36d7fba4254a2e8a0a560ac6eb7c00cc979a4ab70faa3ae5,972f73882045ed27f2c061c49cca4a02ef3d64021746714086aab3fed96a53a0,26ec4021e615be5b2de99a82ec665446527db2d9c9735806e245848c74a6af0b,dbbc5bb7dfb680134a8d7e36b537d8378bda31bd324cff81a7d95de53c5520df,ddb537ebd7173df91cb6bfc2d5cc8198d126ced97b001262ed1350677c958c2b,0.003801252,0.082169855,0000
120,001a,0010,e3b0c44298fc1c149afbf4c8996fb92427ae41e4649b934ca495991b7852b855,e3d5627d07eeda9919d3ccb559b0913db1db9941ca4d71543a9fd835f85e9357,ffe675641dafb7efad2f7016a10a4f453517e27f77b023b0d3b82051bfd5c28d,c5e536361221d6cc36d7fba4254a2e8a0a560ac6eb7c00cc979a4ab70faa3ae5,972f73882045ed27f2c061c49cca4a02ef3d64021746714086aab3fed96a53a0,26ec4021e615be5b2de99a82ec665446527db2d9c9735806e245848c74a6af0b,d6b7c0bebb0431259016f65e511b02c18a8704c40b3fc28a24ed203bae09ca47,7af2085c8a2daf608ad3a5d943fef6a2aa70525ec636c3b82836d7cbf64f556d,0.003823203,0.082207186,0000
121,001a,0010,e3b0c44298fc1c149afbf4c8996fb92427ae41e4649b934ca495991b7852b855,7b7267dfa58b63f6b03e26d1ee1cd72eac98630a8f3eb04b22af4f79ccab510f,ee4cdad96fbcd9d8c35751c8eb08d518ae4ae793d7454f7ed21e1d096bb33887,c5e536361221d6cc36d7fba4254a2e8a0a560ac6eb7c00cc979a4ab70faa3ae5,972f73882045ed27f2c061c49cca4a02ef3d64021746714086aab3fed96a53a0,26ec4021e615be5b2de99a82ec665446527db2d9c9735806e245848c74a6af0b,66c6f74aa5b8ae50ac007200ab083a3988a123a0e2d7ff5ae7d2c5fd1fc853cc,5a490e06d2bb7e0f4d3a69dab2f4293d1f7c78d77972bb00892b8267fd306025,0.003747768,0.082114189,0000
122,001a,0010,e3b0c44298fc1c149afbf4c8996fb92427ae41e4649b934ca495991b7852b855,fb2c4ab2298157273fb9548d38e17c737a3636940795ca821a211073567e5a72,fab53e5cb32b7a89c2a4c73c4fc892623930dacda806e017d6c599b3fdb252be,c5e536361221d6cc36d7fba4254a2e8a0a560ac6eb7c00cc979a4ab70faa3ae5,972f73882045ed27f2c061c49cca4a02ef3d64021746714086aab3fed96a53a0,26ec4021e615be5b2de99a82ec665446527db2d9c9735806e245848c74a6af0b,ef9b3993abf1dd5bc2d45f9e3e6cd10402824dd7b0ab62ad6b6d3d179c71ece7,851e8f5c1c30d2e2ca368b0cfd8f4e32550f7a5d63c72085b9293e59d7f2ee0e,0.003728386,0.082294552,0000
123,001a,0010,e3b0c44298fc1c149afbf4c8996fb92427ae41e4649b934ca495991b7852b855,479b5fa227496a15ae601828249a438226a12a5a3f7d4cd14cb0932ba1e3afec,6c4cd8838447ee2bd2ef2171b3a76b190bffbfcb452b7b5865bb984acb93f076,c5e536361221d6cc36d7fba4254a2e8a0a560ac6eb7c00cc979a4ab70faa3ae5,972f73882045ed27f2c061c49cca4a02ef3d64021746714086aab3fed96a53a0,26ec4021e615be5b2de99a82ec665446527db2d9c9735806e245848c74a6af0b,e58c566a51093acf9feb20c87a8a2e0726c19c8e7a249fc2c185fad948c431b4,331f5705a6f9a9c4798d907a3378689daa03ed8828a4f014c44f9c90bdd10a82,0.003752715,0.082231964,0000
124,001a,0010,e3b0c44298fc1c149afbf4c8996fb92427ae41e4649b934ca495991b7852b855,6f6cdd92d73be523e8d1a87be82df3bd3f957a9545ada1d254f3a5bffe6d4cb6,32262052b02036adf7b336a607886cf4651fc2a9bf4c8ec7ce0febf72c5dd2c6,c5e536361221d6cc36d7fba4254a2e8a0a560ac6eb7c00cc979a4ab70faa3ae5,972f73882045ed27f2c061c49cca4a02ef3d64021746714086aab3fed96a53a0,26ec4021e615be5b2de99a82ec665446527db2d9c9735806e245848c74a6af0b,4fce28e1c51bab9f259cc285923e1ebc6cb60f158192d351e2b2b3a7b7bc5a9e,5d6ee9f0f6f23d17e24fd127898c6dae123d24da9c7f0d9058ae56444d7aa5e1,0.003789385,0.082194864,0000
125,001a,0010,e3b0c44298fc1c149afbf4c8996fb92427ae41e4649b934ca495991b7852b855,5bf821b07d783012e01635ffa2aa518071b412bc71e49cb73660fb33057503d1,36435dbfa27030790dc85ceb6c0ac4c22f36f326f35d5b99631bfa239d6bca94,c5e536361221d6cc36d7fba4254a2e8a0a560ac6eb7c00cc979a4ab70faa3ae5,972f73882045ed27f2c061c49cca4a02ef3d64021746714086aab3fed96a53a0,26ec4021e615be5b2de99a82ec665446527db2d9c9735806e245848c74a6af0b,124b91f50807e1d9ab4705830767a6050aa2cc8e3c280a9db00095f523cf0cfc,f7fb3bfb375847a76d8bebda2a9bc84b718c48c30d026a2bde3f1ae546a3b65b,0.003773381,0.082190667,0000
126,001a,0010,e3b0c44298fc1c149afbf4c8996fb92427ae41e4649b934ca495991b7852b855,f1f2bbd1710df85b0ee596c811bb925fb41bc20d59fca6e9ecd645ad532efb71,d0cbab299773b0954ebf948a870fbc0ef4fef6c0771854b480f412b15b7751fe,c5e536361221d6cc36d7fba4254a2e8a0a560ac6eb7c00cc979a4ab70faa3ae5,972f73882045ed27f2c061c49cca4a02ef3d64021746714086aab3fed96a53a0,26ec4021e615be5b2de99a82ec665446527db2d9c9735806e245848c74a6af0b,ee3733d9086b4061b9c67cf0d6c92b08940958d23ebede313805cd12ca345b28,aea9682943ab7a2c9f9f575242d66e7e496604085eb5801b6ffcb2de816e8ec9,0.003780473,0.082198069,0000
127,001a,0010,e3b0c44298fc1c149afbf4c8996fb92427ae41e4649b934ca495991b7852b855,d8ee7e3b24fd6416327364b3b913fa2ca5791171910924332521f2ed11eff011,f341599a7958950695fc8405083817ad1149c825890c2603b676dd3884c328bb,c5e536361221d6cc36d7fba4254a2e8a0a560ac6eb7c00cc979a4ab70faa3ae5,972f73882045ed27f2c061c49cca4a02ef3d64021746714086aab3fed96a53a0,26ec4021e615be5b2de99a82ec665446527db2d9c9735806e245848c74a6af0b,15bf1f181ca13bf7351fe1a5ae261458562e6cc7f3d0eb08d95aeb89c3341188,24457f8dcc9705336eed6de1ee1a4ae4c0074937cf3fb2066e584e7585a779dc,0.003744724,0.082204932,0000
128,001a,0010,e3b0c44298fc1c149afbf4c8996fb92427ae41e4649b934ca495991b7852b855,1686a60257e1ada2c168c66921eef6dea1888cfbece65d74b032c4271ab6c6cc,e1e5ca60c2a9347ed2a1d672033077a021c62f6fd2eb3668863c81df6319513c,c5e536361221d6cc36d7fba4254a2e8a0a560ac6eb7c00cc979a4ab70faa3ae5,972f73882045ed27f2c061c49cca4a02ef3d64021746714086aab3fed96a53a0,26ec4021e615be5b2de99a82ec665446527db2d9c9735806e245848c74a6af0b,2c0afd24574a1d771315d6672eef18495fbcd7f8fe04d74320ec115eb933dfce,91fbf7a30bb12713f2628bc84a7247efc47fd2933bc6f72fd6066093f802c807,0.003726709,0.082262910,0000
129,001a,0010,e3b0c44298fc1c149afbf4c8996fb92427ae41e4649b934ca495991b7852b855,1048b22728f3302e323fa1d96321fe82672cce54130a001a642863dd25bb8863,5aa827b00823681a842ebb40a17733ad94962a8b0b709de1811ba61d8d1b9f88,c5e536361221d6cc36d7fba4254a2e8a0a560ac6eb7c00cc979a4ab70faa3ae5,972f73882045ed27f2c061c49cca4a02ef3d64021746714086aab3fed96a53a0,26ec4021e615be5b2de99a82ec665446527db2d9c9735806e245848c74a6af0b,072e3c8e6ee237ec9411ba70a35b7b786a1a549a514c30958ea322d71dd0ebd1,bf048193a347e339ff1660778166b6ccbcd6c906f48efabb5bce2b50494a54a5,0.003787791,0.082207480,0000
130,001a,0010,e3b0c44298fc1c149afbf4c8996fb92427ae41e4649b934ca495991b7852b855,c31d79c573097542a3d85084f59a9418d5dec4c45d2bb5ac70bdb7bddbf2753f,9fcc53c34f10d6dba1e62709136924fde5b2ddde05b4df0e99ed3c41215d44c1,c5e536361221d6cc36d7fba4254a2e8a0a560ac6eb7c00cc979a4ab70faa3ae5,972f73882045ed27f2c061c49cca4a02ef3d64021746714086aab3fed96a53a0,26ec4021e615be5b2de99a82ec665446527db2d9c9735806e245848c74a6af0b,d7f4f422303a510d5113868939b5e2c8cff84d08fd98307522ad05d864e232b8,a2aeb00c38bd8dcab5c502d990ab4459d63e22ccf635d9b146e0502a50c15fa9,0.003771065,0.082190453,0000
131,001a,0010,e3b0c44298fc1c149afbf4c8996fb92427ae41e4649b934ca495991b7852b855,999720875b74658baffefc3d3c97ae74e2b2441aa36d483ac047c548d1b6ef2b,7b27d0aff7a1a49bebed162b8fe0c09cc2a504eaf83f1f11c7fa91bfcbbba120,c5e536361221d6cc36d7fba4254a2e8a0a560ac6eb7c00cc979a4ab70faa3ae5,972f73882045ed27f2c061c49cca4a02ef3d64021746714086aab3fed96a53a0,26ec4021e615be5b2de99a82ec665446527db2d9c9735806e245848c74a6af0b,b02e78771ff76c82ac004e7bd55b820148b2e964efc8f97bc02313d26cb12e17,52fb402720bcfd2781f6d98e928e18430262e67a346bdb6ef151e2df84b6cbb4,0.003765067,0.082204494,0000
132,001a,0010,e3b0c44298fc1c149afbf4c8996fb92427ae41e4649b934ca495991b7852b855,beeb74ef17f11b8a727986a0a6a0bdaec2ae901196ede52aeb2d800ba6bbd10c,be4d2b34bfaff6c504f6282f16b13138dd6fcb5c7efe226bb01fa31fcd1c5ea5,c5e536361221d6cc36d7fba4254a2e8a0a560ac6eb7c00cc979a4ab70faa3ae5,972f73882045ed27f2c061c49cca4a02ef3d64021746714086aab3fed96a53a0,26ec4021e615be5b2de99a82ec665446527db2d9c9735806e245848c74a6af0b,3fe46d9a349c6fd9619c74337ddb93d7a829cc6ee94248387308c2cc7d922727,dec038531bf8aeca142a7669ad7f2db05dbe325c5ef327b86dbbf92576a7fb6f,0.003747564,0.082192425,0000
133,001a,0010,e3b0c44298fc1c149afbf4c8996fb92427ae41e4649b934ca495991b7852b855,0f362c38f410bd5b293a734e445b5fd2e299ad8bc15b8617ecc6b5d3302bdba6,0d152cbe63975db991a984710d80466544f678986c5783e996ed6592939fc6d0,c5e536361221d6cc36d7fba4254a2e8a0a560ac6eb7c00cc979a4ab70faa3ae5,972f73882045ed27f2c061c49cca4a02ef3d64021746714086aab3fed96a53a0,26ec4021e615be5b2de99a82ec665446527db2d9c9735806e245848c74a6af0b,b135b6b0bfc199df5a7c30ff5c3b2f12a393abd40328f4474581b604820b39a2,10a037aa360b4bad40ed3fdebef740b88e9140c882412487a8faecd3a62b4a09,0.003702575,0.082246203,0000
134,001a,0010,e3b0c44298fc1c149afbf4c8996fb92427ae41e4649b934ca495991b7852b855,7d464670f3048d6113e1f8a75980f53a83c234218c14855414ba9a46e818c3f9,63af9e13606e248628e88657e62b88b97e598786030b492fc3f11ac1b05bdaf4,c5e536361221d6cc36d7fba4254a2e8a0a560ac6eb7c00cc979a4ab70faa3ae5,972f73882045ed27f2c061c49cca4a02ef3d64021746714086aab3fed96a53a0,26ec4021e615be5b2de99a82ec665446527db2d9c9735806e245848c74a6af0b,ac3e119619e9ac851dab2f7efa90a8cbf15a2ff88d5e11635b8eec832485bde6,a76fdd3a0dd5a62e03a879c6ec1a5b07ece40d35253a3de1065a7d74c0d3e89c,0.003795004,0.082263524,0000
135,001a,0010,e3b0c44298fc1c149afbf4c8996fb92427ae41e4649b934ca495991b7852b855,4831c674c4e31efa95c073af36987ba23428405c8759b830d6a8fc10adac638a,9ceb5818c0435b5c7f30d5198fca6d12b4f4d9007bafddc5055763f01e71fdf9,c5e536361221d6cc36d7fba4254a2e8a0a560ac6eb7c00cc979a4ab70faa3ae5,972f73882045ed27f2c061c49cca4a02ef3d64021746714086aab3fed96a53a0,26ec4021e615be5b2de99a82ec665446527db2d9c9735806e245848c74a6af0b,225742731dab79f168b9d44ef3d7a72e66fc7ba3a486eb2685bbae827b708d8f,80ceb624383f968826ac95330bad1c0de91f8304edff1b45b8cbf07742ca0b11,0.003725686,0.082213319,0000
136,001a,0010,e3b0c44298fc1c149afbf4c8996fb92427ae41e4649b934ca495991b7852b855,87350d7e0abf32b16ac83cf96d1bc7b78fa3c032d42d9683578eb81ab24e1871,0053bf9ed43affd24312546319de4543fc5fdce857861ab6ae88cb8b66d78fcd,c5e536361221d6cc36d7fba4254a2e8a0a560ac6eb7c00cc979a4ab70faa3ae5,972f73882045ed27f2c061c49cca4a02ef3d64021746714086aab3fed96a53a0,26ec4021e615be5b2de99a82ec665446527db2d9c9735806e245848c74a6af0b,25ba477953c9db50e6f7ae506e80f6aec2bfdbb9c76431a2286c2ec06889b5f4,564eaa69a9ea567f48abea27a88534e8686caf5ad593e923b9bf852ec6044300,0.003627371,0.082211363,0000
137,001a,0010,e3b0c44298fc1c149afbf4c8996fb92427ae41e4649b934ca495991b7852b855,6322247449825592258a1a9746eb893bbd5b14f83eb63284ccd7d64fedf24926,a05df136b5e2e89dfa8f44f6e054c006633a8bd58ef610a137a61b975ca5391e,c5e536361221d6cc36d7fba4254a2e8a0a560ac6eb7c00cc979a4ab70faa3ae5,972f73882045ed27f2c061c49cca4a02ef3d64021746714086aab3fed96a53a0,26ec4021e615be5b2de99a82ec665446527db2d9c9735806e245848c74a6af0b,fde23a8e0ca7eb86e848fa0361a815cb2b76e8febf16dc0d3de190a5eb62ede3,6c7bc1d3fbd3057efd55d00b68a552fb2907df3cf45efea673e371566be3ba25,0.003791062,0.082352851,0000
138,001a,0010,e3b0c44298fc1c149afbf4c8996fb92427ae41e4649b934ca495991b7852b855,b54cf6d7ac54289392292d55397e5d2e77eeb10266f0522834265744e0e7b5a8,8ba9751092529655c31ce66a78aa3663343cc7c997b7d3df2ffe6897a361cb3d,c5e536361221d6cc36d7fba4254a2e8a0a560ac6eb7c00cc979a4ab70faa3ae5,972f73882045ed27f2c061c49cca4a02ef3d64021746714086aab3fed96a53a0,26ec4021e615be5b2de99a82ec665446527db2d9c9735806e245848c74a6af0b,1e49902ed074e36a1e5455a9637bfee3a62cdbaa09451fc856c889de987e0075,4ad342d870460f9b2282cba68fdd2db2a237cefede9c575cdb837e1320c59d7d,0.003752059,0.082186759,0000
139,001a,0010,e3b0c44298fc1c149afbf4c8996fb92427ae41e4649b934ca495991b7852b855,836d74ab6837032e72476716053334bae430baaedae89cb3ad0e174b4cb81d17,eb35cf5693ee30d70b4ad899abed6205941bdc2c9357e181853168ea2526cb4d,c5e536361221d6cc36d7fba4254a2e8a0a560ac6eb7c00cc979a4ab70faa3ae5,972f73882045ed27f2c061c49cca4a02ef3d64021746714086aab3fed96a53a0,26ec4021e615be5b2de99a82ec665446527db2d9c9735806e245848c74a6af0b,909da9388f861ad991eb7ad199ff4b48f2e8771e248aeac6f5f4616f2ff13a5a,2517f6533bfffa4d25b5a4f830ab82feddf66680f740fdd3a5f6d1f9b82a70ef,0.003593753,0.082192327,0000
140,001a,0010,e3b0c44298fc1c149afbf4c8996fb92427ae41e4649b934ca495991b7852b855,ea807a92b5cb552d697fd29b7c8748fdda7d728d3bb06d7d71d5913f80589c0c,4439361e224328ba31c28afef801f9164192e85fe8ce874848815297a268220a,c5e536361221d6cc36d7fba4254a2e8a0a560ac6eb7c00cc979a4ab70faa3ae5,972f73882045ed27f2c061c49cca4a02ef3d64021746714086aab3fed96a53a0,26ec4021e615be5b2de99a82ec665446527db2d9c9735806e245848c74a6af0b,dfbbdcb2f32f1ffe491d63de1675d1d8617d19cb8feaa080ef8222de61bcdab0,9282b947ea36a0dc810226ba02ce7bf7a06705ac5752e24d2c58244789574e56,0.003728451,0.082445612,0000
141,001a,0010,e3b0c44298fc1c149afbf4c8996fb92427ae41e4649b934ca495991b7852b855,7347fa711dc09c250bfa7389a6009aed4d7afaf587ab8789572e1ce6758ba8b8,7c9665b99860fe2bb2e60d4f0355f0d8e24fa3f0c7ee40b9e63bb4f8384f3d87,c5e536361221d6cc36d7fba4254a2e8a0a560ac6eb7c00cc979a4ab70faa3ae5,972f73882045ed27f2c061c49cca4a02ef3d64021746714086aab3fed96a53a0,26ec4021e615be5b2de99a82ec665446527db2d9c9735806e245848c74a6af0b,d3f3c43226ad26fc7f8c6f2e1331686d2365f345c3748c453416fdbb6daafe74,f8a3e8218ed430a4f408158f729aa212d49bd3c845ddb213def55b7f138cf754,0.003756617,0.082219733,0000
142,001a,0010,e3b0c44298fc1c149afbf4c8996fb92427ae41e4649b934ca495991b7852b855,67ba8c96157fbd66a5e777a1fa53954cdcfe686f73cea4387d89f2d85284979d,32472e812239b3c8c1bd7cd943c520ef202935a5b06da89e1f56d3027765ea0a,c5e536361221d6cc36d7fba4254a2e8a0a560ac6eb7c00cc979a4ab70faa3ae5,972f73882045ed27f2c061c49cca4a02ef3d64021746714086aab3fed96a53a0,26ec4021e615be5b2de99a82ec665446527db2d9c9735806e245848c74a6af0b,1dc5017d90d5a28f1b7aba3afc12019a2e9fe6d4c644b5de726d87c55a790669,411703a4cb543dd9058e6e3fcdc52917edc13845e543679de1292be68649d1cf,0.003790324,0.082211312,0000
143,001a,0010,e3b0c44298fc1c149afbf4c8996fb92427ae41e4649b934ca495991b7852b855,a41a6e18e19d8cb60a085a129782f5a658877fbf727e98dbaf019b5c35112e3b,27a2949e6542786f3798e34e7d48c9346491691c9c07502b4ccc4180d8b32b46,c5e536361221d6cc36d7fba4254a2e8a0a560ac6eb7c00cc979a4ab70faa3ae5,972f73882045ed27f2c061c49cca4a02ef3d64021746714086aab3fed96a53a0,26ec4021e615be5b2de99a82ec665446527db2d9c9735806e245848c74a6af0b,d720b122f0c6494fbab95245848e53fbb08414f66aaa6d6c09d3f1751236e917,05e1b242954322dea10836742340c84db7b2c065f8720419ad4a9929817028c3,0.003768410,0.082198827,0000
144,001a,0010,e3b0c44298fc1c149afbf4c8996fb92427ae41e4649b934ca495991b7852b855,2a82fa968f7b91ffd07c38ffeca8c0c934486b906e8cadc898d47721d9e97248,344381f3bd7327eb86fc46915f916a6e9ca8eebf1689c6638b992f5fae2234e3,c5e536361221d6cc36d7fba4254a2e8a0a560ac6eb7c00cc979a4ab70faa3ae5,972f73882045ed27f2c061c49cca4a02ef3d64021746714086aab3fed96a53a0,26ec4021e615be5b2de99a82ec665446527db2d9c9735806e245848c74a6af0b,0fd6515acd88a4758e97cd06578113ebfa8f4350b89a604dbde411d19c68c3ac,6155b478eb94f9af668bef43a42992873280e86154ec142323f818881f9dc11a,0.003794102,0.082186339,0000
145,001a,0010,e3b0c44298fc1c149afbf4c8996fb92427ae41e4649b934ca495991b7852b855,4c3f9f584db000eb62e97dabe5a80e35f02480af93fcb706e8e03dc22f2e78d1,dadb54b6eb60611f2a15c63c64a5dc16ead6299a9e390e790caae7810349f494,c5e536361221d6cc36d7fba4254a2e8a0a560ac6eb7c00cc979a4ab70faa3ae5,972f73882045ed27f2c061c49cca4a02ef3d64021746714086aab3fed96a53a0,26ec4021e615be5b2de99a82ec665446527db2d9c9735806e245848c74a6af0b,74876b165d14ef9bbe631110985b5fa9fb48b3d8ad3b102805beb0f906dca1f8,d8042172f16ec4f9b94ecede4ce89467bfa5297530c25ab750af09851b5edc6e,0.003774990,0.082195729,0000
146,001a,0010,e3b0c44298fc1c149afbf4c8996fb92427ae41e4649b934ca495991b7852b855,d38110c19b38b78d2640cb854d00022e1f35fcec2d561491fc76827dfeadbfc5,32b6d30544dfeaf75f6a85b629e37ce4ed779d8df211e43d907173f3ff15f486,c5e536361221d6cc36d7fba4254a2e8a0a560ac6eb7c00cc979a4ab70faa3ae5,972f73882045ed27f2c061c49cca4a02ef3d64021746714086aab3fed96a53a0,26ec4021e615be5b2de99a82ec665446527db2d9c9735806e245848c74a6af0b,c350f6b8987907dac32ce72bb58c70b6d4efdec42b4cf2ba8784af97f08c52be,31452fbc5ee0603e676950e38e0f3f35513dc2be07ca6d03d29e7088fd8970e5,0.003758014,0.082210810,0000
147,001a,0010,e3b0c44298fc1c149afbf4c8996fb92427ae41e4649b934ca495991b7852b855,abb2671f9b353625ac15b9dde8fd59a2834d1b2da9c78031c2d209f0659d0d80,071805154ba0b5eed254e3c11d0acabfea5184ff0c1e3ad1fb856385dbc725d5,c5e536361221d6cc36d7fba4254a2e8a0a560ac6eb7c00cc979a4ab70faa3ae5,972f73882045ed27f2c061c49cca4a02ef3d64021746714086aab3fed96a53a0,26ec4021e615be5b2de99a82ec665446527db2d9c9735806e245848c74a6af0b,b6432d2f1fd09f5eeee3b18644084e658b48233086b7f1be002b3c2312633bfa,6e56e1b89b75084df84852276e91b923c64333d1d1d192a5e14a8cd010cee036,0.003794290,0.082193935,0000
148,001a,0010,e3b0c44298fc1c149afbf4c8996fb92427ae41e4649b934ca495991b7852b855,6eb67ad362fb872dc0a80653a8a47f18ef757fd95d8d869df8cbc84b142d8595,ef7e92cff2f08234515148c983bdd0ea4f741a90ebffc9d4464ed808e8cde971,c5e536361221d6cc36d7fba4254a2e8a0a560ac6eb7c00cc979a4ab70faa3ae5,972f73882045ed27f2c061c49cca4a02ef3d64021746714086aab3fed96a53a0,26ec4021e615be5b2de99a82ec665446527db2d9c9735806e245848c74a6af0b,acd0649f14b72d9406f82f6d3b3639084e130ea7374c79d29cb3441cd1bd8783,67452b53bf6bb14648acd48151277d5e9e41350fc15cedeeb68545c4bf88415b,0.003776317,0.082198700,0000
149,001a,0010,e3b0c44298fc1c149afbf4c8996fb92427ae41e4649b934ca495991b7852b855,3b0bbdb15b53c58181efbeee67e5615d24d336d8d31783f87bcf6bd56044c282,82a1442d31b388febbb1e0c151aadbf9e8a588c8e21984424dbaafdc7f380afc,c5e536361221d6cc36d7fba4254a2e8a0a560ac6eb7c00cc979a4ab70faa3ae5,972f73882045ed27f2c061c49cca4a02ef3d64021746714086aab3fed96a53a0,26ec4021e615be5b2de99a82ec665446527db2d9c9735806e245848c74a6af0b,eae0949322d3e3ed880c953f9ac617cf37dc453f4ee057bd1ff4566c0fa79694,37f26af1ae6f2aa257aad71e0e6d2c5fd2ab4e5ff6fce5ee251be6a0dfde2c74,0.003579877,0.082193098,0000
150,001a,0010,e3b0c44298fc1c149afbf4c8996fb92427ae41e4649b934ca495991b7852b855,a83eeb4ab0e3513a02bace75eda4fcf11fa7c2d3b7bb69ba84fbc5cda61079b4,946139f554b31a810a1f0fc24844e65883f6f1859fb2c7486b6adc4a26dbd8f8,c5e536361221d6cc36d7fba4254a2e8a0a560ac6eb7c00cc979a4ab70faa3ae5,972f73882045ed27f2c061c49cca4a02ef3d64021746714086aab3fed96a53a0,26ec4021e615be5b2de99a82ec665446527db2d9c9735806e245848c74a6af0b,c3723f9bf5fa3c27ad8293b11ca2e510c93e2384cca973cf459861b5009dd2fe,0358c53945d930baf4c3d805691a3b6622ed56194b800abb74d19b74980a59e1,0.003805151,0.082361126,0000
151,001a,0010,e3b0c44298fc1c149afbf4c8996fb92427ae41e4649b934ca495991b7852b855,ca59ced5229f15aa266c420cb2b68b0f14ab99755fd0eaf117b119786d1b7192,d755484013ec4cacec34392ee9bfe8b3d20539b34197d8a672a8777ed7c5b902,c5e536361221d6cc36d7fba4254a2e8a0a560ac6eb7c00cc979a4ab70faa3ae5,972f73882045ed27f2c061c49cca4a02ef3d64021746714086aab3fed96a53a0,26ec4021e615be5b2de99a82ec665446527db2d9c9735806e245848c74a6af0b,28d6182ae0abb12d2c82f98d126272f6cbc2182f1a19861480e15a7845b69979,c91b094f18dc3f5c521afc6ee1f2288300af670df6f555ef63155ed855a1c758,0.003753854,0.082202904,0000
152,001a,0010,e3b0c44298fc1c149afbf4c8996fb92427ae41e4649b934ca495991b7852b855,95369de2a3f1d459e79e8656aa4b920554b0a66f83e8ea1f3d032dba6f9aaf76,cf8b35f9e103063230073b944524b3abaaa7ad44ded907b6ebeafce9f6b12f8a,c5e536361221d6cc36d7fba4254a2e8a0a560ac6eb7c00cc979a4ab70faa3ae5,972f73882045ed27f2c061c49cca4a02ef3d64021746714086aab3fed96a53a0,26ec4021e615be5b2de99a82ec665446527db2d9c9735806e245848c74a6af0b,4eeccf12eafbb1203a604b55b77824bdb377278dffea1235232f31741d298c44,9fc77ef0eda7355275a49b9ef77d89bd04ba39b90ff0685f5ca7a915f59518c4,0.003786037,0.082201124,0000
153,001a,0010,e3b0c44298fc1c149afbf4c8996fb92427ae41e4649b934ca495991b7852b855,f5a90806d9a2c6339d036e2c2cb5831a8e3090bdb1f335e8e8f6dae31f09404e,a5d8e885713da140424a09b9627e66dbd915e10ee1b49a8206457b8d9f4c5474,c5e536361221d6cc36d7fba4254a2e8a0a560ac6eb7c00cc979a4ab70faa3ae5,972f73882045ed27f2c061c49cca4a02ef3d64021746714086aab3fed96a53a0,26ec4021e615be5b2de99a82ec665446527db2d9c9735806e245848c74a6af0b,5226b3666f5e0a06d9b03184ec84c7a0faee39167a17883070f7553981b6d284,dc28e742b0dc4134a81234a17656dce0d9bbe5a57e0725da56f9159d209a6f9a,0.003800478,0.082221019,0000
154,001a,0010,e3b0c44298fc1c149afbf4c8996fb92427ae41e4649b934ca495991b7852b855,b8bed71e8363fe1486f70d09b22c7aed17ba175cc595b0b17c1a108865f0cc7f,5a79a2c21433726a8cd975b50fa73e1d55a7a012d81343d4b413a28df3b7f304,c5e536361221d6cc36d7fba4254a2e8a0a560ac6eb7c00cc979a4ab70faa3ae5,972f73882045ed27f2c061c49cca4a02ef3d64021746714086aab3fed96a53a0,26ec4021e615be5b2de99a82ec665446527db2d9c9735806e245848c74a6af0b,b3d3c5ac2b449c121134e9960b0da06f8af58b83b34c87d87682a073e9b63fd8,915c0e0e72be74d89c7c5b06a8fb0219f032febfd91109a5d74ace3de60120ce,0.003824726,0.082153593,0000
155,001a,0010,e3b0c44298fc1c149afbf4c8996fb92427ae41e4649b934ca495991b7852b855,70cf7b9ca2a070396ab63002875884f4ee9d07b0a7300c091fc1a31df69f4abd,e8cfb5c5f851608daeefca75ef5f9865e9bfa487a7bc3f303aa1fdbca7ad2789,c5e536361221d6cc36d7fba4254a2e8a0a560ac6eb7c00cc979a4ab70faa3ae5,972f73882045ed27f2c061c49cca4a02ef3d64021746714086aab3fed96a53a0,26ec4021e615be5b2de99a82ec665446527db2d9c9735806e245848c74a6af0b,1a33ab1b48d120e586ba782bef186f382f279508f16f101980406dfe6465e0fa,5119305a5c546ebc4203871976eba11ca820ee8f82ce9bb30f18984bf92fdb77,0.003789047,0.082140683,0000
156,001a,0010,e3b0c44298fc1c149afbf4c8996fb92427ae41e4649b934ca495991b7852b855,e63aea711c78a7b30c9a965f376bf7bc9ecd97c4dfb7974bc3bd9a9f586a5887,76df5e7902e5c17247d1a59a5f8cb4884bf8458117840e7589e7d92dcb0f9bce,c5e536361221d6cc36d7fba4254a2e8a0a560ac6eb7c00cc979a4ab70faa3ae5,972f73882045ed27f2c061c49cca4a02ef3d64021746714086aab3fed96a53a0,26ec4021e615be5b2de99a82ec665446527db2d9c9735806e245848c74a6af0b,64cd830ce8422882001cc029a02cf9b91e8bfc44bb897ca20a33991c9370c2c0,ed73e116ec275b61c832092fab2569b172fe3b7ed05c228d20ab348beb1a8936,0.003769184,0.082193347,0000
157,001a,0010,e3b0c44298fc1c149afbf4c8996fb92427ae41e4649b934ca495991b7852b855,dfb9b804d9b3e3d03c3fab33090d432cf4fd5d1587ec1d87314469c66e3a3b25,df015d35844315d982e0bc0a601b6b0395c6c4bfe660b8108285e23d84a8f642,c5e536361221d6cc36d7fba4254a2e8a0a560ac6eb7c00cc979a4ab70faa3ae5,972f73882045ed27f2c061c49cca4a02ef3d64021746714086aab3fed96a53a0,26ec4021e615be5b2de99a82ec665446527db2d9c9735806e245848c74a6af0b,729c4f181ecf31c60a2c72aeeeb827a379f3604d12b23e7432d3330d1c056add,bc068f5ca4b1baaf2329461862cbea014115f071669432e0ba2183875ed9dfdd,0.003796112,0.082179338,0000
158,001a,0010,e3b0c44298fc1c149afbf4c8996fb92427ae41e4649b934ca495991b7852b855,033393b1cc8ccee94f5fe9a57f4da86e0a2c814bc0b2224cab82e7d2b9c20081,47a0d14be8587e90e4c3b8879fd14229eaa498f77fe6513ad0209f9bbc1a2b85,c5e536361221d6cc36d7fba4254a2e8a0a560ac6eb7c00cc979a4ab70faa3ae5,972f73882045ed27f2c061c49cca4a02ef3d64021746714086aab3fed96a53a0,26ec4021e615be5b2de99a82ec665446527db2d9c9735806e245848c74a6af0b,b0d30bd8c0fedca836142b085016e00b8bab62f80fdd9ba45fbb9ff51f7df4df,95a2ec2988cbda676cd08c4e4190acd5b1b92d219abc6d762a5854fb33989e5b,0.003775741,0.082197446,0000
159,001a,0010,e3b0c44298fc1c149afbf4c8996fb92427ae41e4649b934ca495991b7852b855,104f79f75715f4790b31267ac8893e8c621511f1691cf38f9e7d8a466ead3daa,c235e2a1e45480d01f9dc659170f5ba2201b2002f7f34f2f4373177acc2d0aeb,c5e536361221d6cc36d7fba4254a2e8a0a560ac6eb7c00cc979a4ab70faa3ae5,972f73882045ed27f2c061c49cca4a02ef3d64021746714086aab3fed96a53a0,26ec4021e615be5b2de99a82ec665446527db2d9c9735806e245848c74a6af0b,72088e5f38be14094f6bb8eee43294b620d8b5875a33eaaefac89cdd9a6fea6f,f4f476782545f4d4124f42ea8d1a45abef61f685a14de9da0757d9eb861db13e,0.003762771,0.082203453,0000
160,001a,0010,e3b0c44298fc1c149afbf4c8996fb92427ae41e4649b934ca495991b7852b855,d6d23510e767b4b948b10438508282e1e5d5f6ab2e2b8b790f753b95590eb3f0,ce89dde4cc1720bb138e4b2df285acd23b1404ee131a31e79e3a9f417ec04538,c5e536361221d6cc36d7fba4254a2e8a0a560ac6eb7c00cc979a4ab70faa3ae5,972f73882045ed27f2c061c49cca4a02ef3d64021746714086aab3fed96a53a0,26ec4021e615be5b2de99a82ec665446527db2d9c9735806e245848c74a6af0b,77b59b56bae897bcb3e88d877d89c48f2f9373cfaebddac722b06e0debf7d562,acbbbb044314c2dc45317689a52f11f3a295bac243ab548e5ea310a6c0c6c7a8,0.003777583,0.082214337,0000
161,001a,0010,e3b0c44298fc1c149afbf4c8996fb92427ae41e4649b934ca495991b7852b855,991a4eb07d6bc3774a41f12d528c987f53268b4370e017e15b013fc314dba88f,c3cabaafd9f1b58c8ab1ade0173829b09fdb2f799be8d1866d935bc43498894c,c5e536361221d6cc36d7fba4254a2e8a0a560ac6eb7c00cc979a4ab70faa3ae5,972f73882045ed27f2c061c49cca4a02ef3d64021746714086aab3fed96a53a0,26ec4021e615be5b2de99a82ec665446527db2d9c9735806e245848c74a6af0b,1637f6263cc4299c6d9677a8b19eaa29f50163981a4971612d51d87c18c30bb4,a309e7f41548325e4dbce7a04b1a3b10979d827bf8b140b87c57ee5b4f6aa622,0.003775480,0.082188051,0000
162,001a,0010,e3b0c44298fc1c149afbf4c8996fb92427ae41e4649b934ca495991b7852b855,c36f363dc47a5aa44b07058339ad544c4a91fcd3c36b3a0cb643aa5deaa8ff32,3e46b373e93410b0b1209931617bcb2e3426a6567f951ad1bdba772987e65e52,c5e536361221d6cc36d7fba4254a2e8a0a560ac6eb7c00cc979a4ab70faa3ae5,972f73882045ed27f2c061c49cca4a02ef3d64021746714086aab3fed96a53a0,26ec4021e615be5b2de99a82ec665446527db2d9c9735806e245848c74a6af0b,0194920f10e36b4441f43a495d1bdd43b4056cd7584ad90a91cd68fd4bf2fca5,347cb3daeee0a378644665ad6f81ff00fd4986a2d21f500630ccf5f2c0ac4371,0.003742819,0.082195750,0000
163,001a,0010,e3b0c44298fc1c149afbf4c8996fb92427ae41e4649b934ca495991b7852b855,d7baa13472e36fcba6fe371a3698df45158e81e44d600e31ff1023fc085545e4,2dd59998d1142d02a226ecd457094b0ee0c8e1326079bfe19f5702d4e633a4fa,c5e536361221d6cc36d7fba4254a2e8a0a560ac6eb7c00cc979a4ab70faa3ae5,972f73882045ed27f2c061c49cca4a02ef3d64021746714086aab3fed96a53a0,26ec4021e615be5b2de99a82ec665446527db2d9c9735806e245848c74a6af0b,19c44207c815cd55660e6f4b173fc70779bfd3468274aa17993117d2a99d2417,29a698f84504f670fe53e72bc53370764bca0263f8630b8b44861ecbc3eb71e0,0.003786597,0.082236475,0000
164,001a,0010,e3b0c44298fc1c149afbf4c8996fb92427ae41e4649b934ca495991b7852b855,354442eb89bc494ae63e598b27c5fc8cc7b823b5f8765386a3e4d61e52550cb9,40015d00fb496fa74a6195ad5777aeb65ff3c73b0c6941862fc0d28fd7a9f9b2,c5e536361221d6cc36d7fba4254a2e8a0a560ac6eb7c00cc979a4ab70faa3ae5,972f73882045ed27f2c061c49cca4a02ef3d64021746714086aab3fed96a53a0,26ec4021e615be5b2de99a82ec665446527db2d9c9735806e245848c74a6af0b,8bece7f11bdcb4018fa417119500632be4e36f96ae3cd5bde8e595612584773b,b94608794826a304797ee9b7cc907c8c92264d573cfa4104358ffd692805311c,0.003743740,0.082190015,0000
165,001a,0010,e3b0c44298fc1c149afbf4c8996fb92427ae41e4649b934ca495991b7852b855,903cbf710cf88e50e3c0e88e138d1ff251f9f0a93f33375ce47548d51e87afca,14e08a0c0d60eb9eed47aca84497e28c4fd5ac2654b3e4eed057f6209cc76ef8,c5e536361221d6cc36d7fba4254a2e8a0a560ac6eb7c00cc979a4ab70faa3ae5,972f73882045ed27f2c061c49cca4a02ef3d64021746714086aab3fed96a53a0,26ec4021e615be5b2de99a82ec665446527db2d9c9735806e245848c74a6af0b,8720918f1385666bdafa42531ad453276083efbae6f99c9aed239d6c92cc1958,5f6630716c3b51ea75559a74528faca7ce298d109e0b27149f43857792b4d225,0.003720492,0.082223311,0000
166,001a,0010,e3b0c44298fc1c149afbf4c8996fb92427ae41e4649b934ca495991b7852b855,5071e9f02db4bb615768a9f4796797bd614648f278073524c0208514f66bd8dc,18c43001242887cdbb6a6086b42d88772d228d90cdb3aff08d17c4c49d74076e,c5e536361221d6cc36d7fba4254a2e8a0a560ac6eb7c00cc979a4ab70faa3ae5,972f73882045ed27f2c061c49cca4a02ef3d64021746714086aab3fed96a53a0,26ec4021e615be5b2de99a82ec665446527db2d9c9735806e245848c74a6af0b,f1bae70514d953c9dd43693abf44f02eda31445d83c66bb5018dbaee1ce95998,3e974bda5fdac3412bb0eb364f29f71533895ca7741a4ecc1205da269e24f365,0.003752183,0.082295270,0000
167,001a,0010,e3b0c44298fc1c149afbf4c8996fb92427ae41e4649b934ca495991b7852b855,ea90fb2bba06b1d3722b095298563ec58305350f3ef3e8e342d8e8b2b608d575,ffb0790288b0d8ec558b599bb57141f237e1e54f7b71ed7e46c46a0865a7c19d,c5e536361221d6cc36d7fba4254a2e8a0a560ac6eb7c00cc979a4ab70faa3ae5,972f73882045ed27f2c061c49cca4a02ef3d64021746714086aab3fed96a53a0,26ec4021e615be5b2de99a82ec665446527db2d9c9735806e245848c74a6af0b,0379bfeb95fe00b334c86e7623343586a5015a3d1c33d8282e31ef1b62f79cef,fbc416eca4f690e63e908d72b819e5bdb5009db2893ae307288326f8413ce1fc,0.003765514,0.082224018,0000
168,001a,0010,e3b0c44298fc1c149afbf4c8996fb92427ae41e4649b934ca495991b7852b855,7b0110d3bdd235a10db5117e18888181fedebb539c5a062d78d2ea25b388a9fe,538757be206c568434f235c61bb3b182aba98526161252c7c60ecb5528c3048e,c5e536361221d6cc36d7fba4254a2e8a0a560ac6eb7c00cc979a4ab70faa3ae5,972f73882045ed27f2c061c49cca4a02ef3d64021746714086aab3fed96a53a0,26ec4021e615be5b2de99a82ec665446527db2d9c9735806e245848c74a6af0b,24988f2270d7ce1da50b2719e00ceaeff6477b91bd8584982da66a70df282b8e,236aa0a5ed26ef8ea214063f8f5ccc8dc7dd46cbfa639a84064e202969a7e8f2,0.003627488,0.082175286,0000
169,001a,0010,e3b0c44298fc1c149afbf4c8996fb92427ae41e4649b934ca495991b7852b855,24bb342c8a19a2c9062b6fef2a8044f6530dbd31a75e2e392667351694b04717,f53db8c772e7380294935d7587ebd573ba7b573883cf24ca158c84cd022982e6,c5e536361221d6cc36d7fba4254a2e8a0a560ac6eb7c00cc979a4ab70faa3ae5,972f73882045ed27f2c061c49cca4a02ef3d64021746714086aab3fed96a53a0,26ec4021e615be5b2de99a82ec665446527db2d9c9735806e245848c74a6af0b,1b60d22126270cff30a464aa45244b50d0237aaeb72788c0615029befa7bebae,a9bb696c3c5a88e441186605981d16102e30c3a91b35f0fe6c419a500d98d91a,0.003757198,0.082363784,0000
170,001a,0010,e3b0c44298fc1c149afbf4c8996fb92427ae41e4649b934ca495991b7852b855,421dfb1fae52f543fbf1d89f7a5cd6887e0b8480d206b9abb3c8992796492363,42d084c2ae05355a4e50214054f1290d0ec1586ccd87c3d8f70ce2ac13d8bce2,c5e536361221d6cc36d7fba4254a2e8a0a560ac6eb7c00cc979a4ab70faa3ae5,972f73882045ed27f2c061c49cca4a02ef3d64021746714086aab3fed96a53a0,26ec4021e615be5b2de99a82ec665446527db2d9c9735806e245848c74a6af0b,a78d8beed266fc29c2e03029caa6f12483b7daa913541144c31ad780378baa3c,48beff5a12b33225f9082fbcd9859841a8463e222bf2f6e2df49c6db6ac62494,0.003511030,0.082129007,0000
171,001a,0010,e3b0c44298fc1c149afbf4c8996fb92427ae41e4649b934ca495991b7852b855,478c1dd87ca2b6b020c929e960f156c88a1e582c92618f05317dfc1476eaba09,fd9c713afd250ca82db8d0042dbbac448973b0642a725cbe0334c5fcae46802b,c5e536361221d6cc36d7fba4254a2e8a0a560ac6eb7c00cc979a4ab70faa3ae5,972f73882045ed27f2c061c49cca4a02ef3d64021746714086aab3fed96a53a0,26ec4021e615be5b2de99a82ec665446527db2d9c9735806e245848c74a6af0b,88e779fb65b292f60fd103c2b303e2d1d3a51c1df2f9bcdd02e09d1a13f41d68,f9246141c20fe73fc0566af87b95301ccb32eef3abaae51e90308db488fce4ec,0.003704887,0.082571014,0000
172,001a,0010,e3b0c44298fc1c149afbf4c8996fb92427ae41e4649b934ca495991b7852b855,472ffa415742249c496e7598599b746be8647083d9664c75c0ea7d2bdcc9e639,946b88f2833f95bd35d2c2dae5da25eb07f367c684f69bd95aebc1d0ad9d88e3,c5e536361221d6cc36d7fba4254a2e8a0a560ac6eb7c00cc979a4ab70faa3ae5,972f73882045ed27f2c061c49cca4a02ef3d64021746714086aab3fed96a53a0,26ec4021e615be5b2de99a82ec665446527db2d9c9735806e245848c74a6af0b,fe73ff326127aafc3b9c3fe8eee6f9e7bb202ad982103d88d121abc206ce2030,9cef790661cf3cc0a3ed277d28ce6006b735832403025aeda2161d8e1099ee8a,0.003768052,0.082273420,0000
173,001a,0010,e3b0c44298fc1c149afbf4c8996fb92427ae41e4649b934ca495991b7852b855,6ab9aca84a26efd613b92ab022a3e254744d48b50de5f8f5b86ba2ee90140774,381bae526605e552519a2695580c2b8c8493a83b2c8b89b554554f996f16eb2c,c5e536361221d6cc36d7fba4254a2e8a0a560ac6eb7c00cc979a4ab70faa3ae5,972f73882045ed27f2c061c49cca4a02ef3d64021746714086aab3fed96a53a0,26ec4021e615be5b2de99a82ec665446527db2d9c9735806e245848c74a6af0b,fd2c4ad9d0f6dc8deb066d2620e1416adde471ab656fd852a4a869c90e39f112,a349c0470430e9a0e64fab4dd9e035f59e392d528503fed3aed0d67d49f7cf7f,0.003797889,0.082184452,0000
174,001a,0010,e3b0c44298fc1c149afbf4c8996fb92427ae41e4649b934ca495991b7852b855,0e8fa84297f7181f5e490a2fff75faf3ce41be30a059a45f55c322789a8c917a,3e3a50c0bf7a9ce27405a89b0857e30468ae071f8b72def1bfd570c75dff4c0f,c5e536361221d6cc36d7fba4254a2e8a0a560ac6eb7c00cc979a4ab70faa3ae5,972f73882045ed27f2c061c49cca4a02ef3d64021746714086aab3fed96a53a0,26ec4021e615be5b2de99a82ec665446527db2d9c9735806e245848c74a6af0b,a05234f312148c3d0fe71786965bbf38c9d4420e95e371875bcd7ceb36822d3c,06cc76c3f120ea58a84869e8a21a2258e0029862e06dcb987d54f7f00b5fbf18,0.003750510,0.082201624,0000
175,001a,0010,e3b0c44298fc1c149afbf4c8996fb92427ae41e4649b934ca495991b7852b855,716bcc81b00077554b3d1484222e2e6046d6624ae111a421cd7c557fcc64f817,b0c69beaa1baec77302758ab940cb2d85fb809574943c1bace304685c56b1d1e,c5e536361221d6cc36d7fba4254a2e8a0a560ac6eb7c00cc979a4ab70faa3ae5,972f73882045ed27f2c061c49cca4a02ef3d64021746714086aab3fed96a53a0,26ec4021e615be5b2de99a82ec665446527db2d9c9735806e245848c74a6af0b,42691af79e639410d43042625234d81ff9ab15f849352efcf404f94f25def12d,9cc23e47ad04c9516afc27278a38708d5c9491e3ced7a901ec6480364cb6dcd5,0.003802006,0.082188416,0000
176,001a,0010,e3b0c44298fc1c149afbf4c8996fb92427ae41e4649b934ca495991b7852b855,8b3756b8b03426fe177096347bff8d8120f4761bf4fbb6dbc713cf016555dee8,7e08ab1a805587cf15c7a589349fb1d33e33776858fa6ba2e21aa36a3825cd0c,c5e536361221d6cc36d7fba4254a2e8a0a560ac6eb7c00cc979a4ab70faa3ae5,972f73882045ed27f2c061c49cca4a02ef3d64021746714086aab3fed96a53a0,26ec4021e615be5b2de99a82ec665446527db2d9c9735806e245848c74a6af0b,3b0ed53184eac67b657e593e8c66dbeb6b773954178705f12fda51d2668a87ac,81da940dca9774596b0e0c8cf441e613ae38b003afa0124556844fa80d541e10,0.003749442,0.082183281,0000
177,001a,0010,e3b0c44298fc1c149afbf4c8996fb92427ae41e4649b934ca495991b7852b855,8a1faf349e85a1d2e7cb562694b444a16c8c7fedf1bfe56b5155334cc2bff472,9f662387876e8fd0a974ac081157b600a10e7edf33cdd769d5a36c776c338140,c5e536361221d6cc36d7fba4254a2e8a0a560ac6eb7c00cc979a4ab70faa3ae5,972f73882045ed27f2c061c49cca4a02ef3d64021746714086aab3fed96a53a0,26ec4021e615be5b2de99a82ec665446527db2d9c9735806e245848c74a6af0b,31d1a8f61bec144077fb6326c1b92ebe7c38fe52d2b57d13cc0500fddd89af0e,70923fc1eb17f19cbbea9620d229ab1578369fe2a2deff3ed5667d0205adc9a7,0.003739293,0.082240571,0000
178,001a,0010,e3b0c44298fc1c149afbf4c8996fb92427ae41e4649b934ca495991b7852b855,7d4d31d897ea226012fc0bbbc96b5887d68b9dcbb2218a5ad3ee939b5ab1cd86,8b84c321f9087dd95643ee96a4db2578706e8713afa7b9700638e6a91f085c0b,c5e536361221d6cc36d7fba4254a2e8a0a560ac6eb7c00cc979a4ab70faa3ae5,972f73882045ed27f2c061c49cca4a02ef3d64021746714086aab3fed96a53a0,26ec4021e615be5b2de99a82ec665446527db2d9c9735806e245848c74a6af0b,fa42e73882513fc73df37371c1237b591729a8bb20ddbbee1777549b6bf58adf,617a53b02811ed942e2fb40fe9000232cb3f5d3f24fe05b055afe4d8cc1203cf,0.003810776,0.082214861,0000
179,001a,0010,e3b0c44298fc1c149afbf4c8996fb92427ae41e4649b934ca495991b7852b855,82a29829bf1c796df2d76b5aaf642578dd10b4b83f464dc3ddd1f835862a76a2,b7d3ad304f18c59428f3058f3d3145ba323d86510d1e3f0041c6e65a9c62fbab,c5e536361221d6cc36d7fba4254a2e8a0a560ac6eb7c00cc979a4ab70faa3ae5,972f73882045ed27f2c061c49cca4a02ef3d64021746714086aab3fed96a53a0,26ec4021e615be5b2de99a82ec665446527db2d9c9735806e245848c74a6af0b,1557b2f62345e11e8b83ef21a58589473d133f0a1336da399ca12c040a3f8706,0f0430aba4a369ca775acd001cff0c824103bd40a463caf6d96201efcbe817b4,0.003572545,0.082124946,0000
180,001a,0010,e3b0c44298fc1c149afbf4c8996fb92427ae41e4649b934ca495991b7852b855,2b5ab63843de57f44486ab3698442a0c1b7a74a258faf3e37b8a05aace5da781,27c0a4b1893c362d87d12479128e2760b7f8b4934d34a8a9d7bc12a663b1ba34,c5e536361221d6cc36d7fba4254a2e8a0a560ac6eb7c00cc979a4ab70faa3ae5,972f73882045ed27f2c061c49cca4a02ef3d64021746714086aab3fed96a53a0,26ec4021e615be5b2de99a82ec665446527db2d9c9735806e245848c74a6af0b,527660d4e3fca8194ec2e64ce3f359764849994bd50fbfe657843370d6c1faf4,c69f44ecf5b20b648b89e7eb2848e36082f77f89ebd14cfe69d7cd2f1bb97669,0.003752339,0.082487356,0000
181,001a,0010,e3b0c44298fc1c149afbf4c8996fb92427ae41e4649b934ca495991b7852b855,27f147df7edce87e24ef0e92d4ace7a18c803592cbf47e50bf033deaa0b6e509,53953bccbca519cb5cb3c62534e11ef66ce42194d7879c285b728be0693aa5bc,c5e536361221d6cc36d7fba4254a2e8a0a560ac6eb7c00cc979a4ab70faa3ae5,972f73882045ed27f2c061c49cca4a02ef3d64021746714086aab3fed96a53a0,26ec4021e615be5b2de99a82ec665446527db2d9c9735806e245848c74a6af0b,b8714bf1dd29faa4769a79bc55968da185071b1f7b70a629f7538beb61aedde9,20e3c1f10b160df179de446fee9cadaf81da8d7389e700d74b4c57b6635fb8b9,0.003759242,0.082210938,0000
182,001a,0010,e3b0c44298fc1c149afbf4c8996fb92427ae41e4649b934ca495991b7852b855,bdd7b7529a5f80077e120c40d787b40e3f09916b5bda444d3370aacf52bc4c0f,baec0736a863605d8be70285b2e6e9b1af4740b408413b5789894dd0bcda8f8c,c5e536361221d6cc36d7fba4254a2e8a0a560ac6eb7c00cc979a4ab70faa3ae5,972f73882045ed27f2c061c49cca4a02ef3d64021746714086aab3fed96a53a0,26ec4021e615be5b2de99a82ec665446527db2d9c9735806e245848c74a6af0b,537cf9c86019fe014705a6adaec85cc3d9c07f2ba89f7632492fbb6e1e0b17a2,0510ca54d1c640302eacc00436689cce2d6d8b440dc308680d4d97c9e62a612a,0.003760408,0.082229923,0000
183,001a,0010,e3b0c44298fc1c149afbf4c8996fb92427ae41e4649b934ca495991b7852b855,940a12ee331e47ef5e5a4588e38cd977a4803c412c0a8c49fe15f75f34ff6046,390a831b7c1493a558b472e9656a04133adc536ce243a0eca8ab87a024b69979,c5e536361221d6cc36d7fba4254a2e8a0a560ac6eb7c00cc979a4ab70faa3ae5,972f73882045ed27f2c061c49cca4a02ef3d64021746714086aab3fed96a53a0,26ec4021e615be5b2de99a82ec665446527db2d9c9735806e245848c74a6af0b,12911538872d8ad56459ad2d3fd84fd77578ae3801e3227576804dc483dc903c,6b82c05c61cd39af9051245c1738831ee08c6aa544249a5de6d41e2803e8dda5,0.003756266,0.082194371,0000
184,001a,0010,e3b0c44298fc1c149afbf4c8996fb92427ae41e4649b934ca495991b7852b855,4dec1faa00ed48ac0dacd606314cfbb58ceefd64cf40bd9e496957c1cd20569f,087fcaeb9e0736a62968c021ed5fdd94130f992bab67bbe1e1bf9231eca4c23c,c5e536361221d6cc36d7fba4254a2e8a0a560ac6eb7c00cc979a4ab70faa3ae5,972f73882045ed27f2c061c49cca4a02ef3d64021746714086aab3fed96a53a0,26ec4021e615be5b2de99a82ec665446527db2d9c9735806e245848c74a6af0b,2a05d6ceaac9305d86a1c97a369a9bb4ec74fb71430e41c00203dba249e8ca2a,14024e3e9d5ea81f886dc6c5f3175caa1c20ce1cb45975d8e281c715bff6bcde,0.003805468,0.082272649,0000
185,001a,0010,e3b0c44298fc1c149afbf4c8996fb92427ae41e4649b934ca495991b7852b855,e26ff57047d936f7c25e159b197731597af65461eec85bc31a83169a22b13bfd,da95f0643d4185fbe0383ff7a2dec81c76f41226056085dfef72c7ba1aa15165,c5e536361221d6cc36d7fba4254a2e8a0a560ac6eb7c00cc979a4ab70faa3ae5,972f73882045ed27f2c061c49cca4a02ef3d64021746714086aab3fed96a53a0,26ec4021e615be5b2de99a82ec665446527db2d9c9735806e245848c74a6af0b,2565c7f947654c324bc96bd2b715be11dae07fe3ad9238f4db315f4cd6f3b8e8,a3f0411997191b676baf82335a3f7376c3ddc2762ac16df2e61ebfde93727003,0.003774838,0.082142603,0000
186,001a,0010,e3b0c44298fc1c149afbf4c8996fb92427ae41e4649b934ca495991b7852b855,7459459a33c9c23daae2df8ee887e98bb3bc806ed388a49ff02b7d2b4ba11d2a,3ab005dda515930ed14487a54e7382f1a863a98f9e6d9141fe06b34d249bafa5,c5e536361221d6cc36d7fba4254a2e8a0a560ac6eb7c00cc979a4ab70faa3ae5,972f73882045ed27f2c061c49cca4a02ef3d64021746714086aab3fed96a53a0,26ec4021e615be5b2de99a82ec665446527db2d9c9735806e245848c74a6af0b,0d4e8d5f2bcd9d1ef062a01309c7d9cf943f9ea86cb8fa67081e97a29bbf9ca3,53e02a3f6f6062e4af47032cb04d610a8f58c7f76e7173cfb656a7b81b59c72e,0.003761514,0.082216646,0000
187,001a,0010,e3b0c44298fc1c149afbf4c8996fb92427ae41e4649b934ca495991b7852b855,da6b55c67f56ec7d97b5f3effe52fe4c9f352d99d85a75724e5b3a02968c97a6,a39c4c0a1f2956327978c9e06fa960c973edcd7f4bddea9c2667770c08b9c291,c5e536361221d6cc36d7fba4254a2e8a0a560ac6eb7c00cc979a4ab70faa3ae5,972f73882045ed27f2c061c49cca4a02ef3d64021746714086aab3fed96a53a0,26ec4021e615be5b2de99a82ec665446527db2d9c9735806e245848c74a6af0b,976ff22a8c148991496110c177cc9594368cf669414daab32a52bcc0ae7d219a,f869fdaf9432f397338e27ed938cbc1e71efb333d8b42fa91165575e1a4fd719,0.003770153,0.082196951,0000
188,001a,0010,e3b0c44298fc1c149afbf4c8996fb92427ae41e4649b934ca495991b7852b855,f0680924cf9c2442a69acffd80fde745827a174044f505c343606dec4d164a58,f775f98ebae8fb151e3d241f186daebf0b831c19974f084df040bfb46c9597f7,c5e536361221d6cc36d7fba4254a2e8a0a560ac6eb7c00cc979a4ab70faa3ae5,972f73882045ed27f2c061c49cca4a02ef3d64021746714086aab3fed96a53a0,26ec4021e615be5b2de99a82ec665446527db2d9c9735806e245848c74a6af0b,e4f9938a556a4d075a52e3954c68d3a8f0404c76f193c636d759a2e3edf29563,caefead8dc91b1e54e838b3292f6a1e771e535edbd8f9b4692c074726f7120da,0.003796849,0.082179113,0000
189,001a,0010,e3b0c44298fc1c149afbf4c8996fb92427ae41e4649b934ca495991b7852b855,b8fa4834deeb646dec67b16e61c8c64186f64b214a9fdef674baef87f2b446d3,1e57442b96e93fdcc9948b03b88709a381eed9afa07eef0f78039fac5d718330,c5e536361221d6cc36d7fba4254a2e8a0a560ac6eb7c00cc979a4ab70faa3ae5,972f73882045ed27f2c061c49cca4a02ef3d64021746714086aab3fed96a53a0,26ec4021e615be5b2de99a82ec665446527db2d9c9735806e245848c74a6af0b,5184736a47b168f24a7be5eb96add005095f688cdf2c5e31d4bc66ebb90ce8b3,7c03df9591a6148e7be33c20dd42085c6878a06ed638b15686e596f06a134bc1,0.003725280,0.082223046,0000
190,001a,0010,e3b0c44298fc1c149afbf4c8996fb92427ae41e4649b934ca495991b7852b855,c5dbeb187dcecd9986e44010f9b558f4bff926c3c82e12bd378370c64a6ebaf0,749cfaa703e92b7d628fe65f420ce6d40d0d784a25f15083108894defa65df1a,c5e536361221d6cc36d7fba4254a2e8a0a560ac6eb7c00cc979a4ab70faa3ae5,972f73882045ed27f2c061c49cca4a02ef3d64021746714086aab3fed96a53a0,26ec4021e615be5b2de99a82ec665446527db2d9c9735806e245848c74a6af0b,313b9776f14f2b7163067a02aac2f501dfd799825ee466dd0fe4128bac6bd125,cc9793280c0e36cfe7a4fa3ff74e92c9147f765ba2efd716bb4e63825d0f8588,0.003797281,0.082237862,0000
191,001a,0010,e3b0c44298fc1c149afbf4c8996fb92427ae41e4649b934ca495991b7852b855,cd1a3afdcb0dca522a2679e30bf444addd0915fc4b39d209f29db9b09f8c92d7,6988cdc0ae0105cb79ad144ae94173d29558f14889863a2869bbbe01086645fb,c5e536361221d6cc36d7fba4254a2e8a0a560ac6eb7c00cc979a4ab70faa3ae5,972f73882045ed27f2c061c49cca4a02ef3d64021746714086aab3fed96a53a0,26ec4021e615be5b2de99a82ec665446527db2d9c9735806e245848c74a6af0b,eb34a5a2d10ec44472e1420d8b4a2a472227bb4f8a54e005d70d212be67b788b,bea4e412c4f5f142fd786836ee47711fe92f352e26139b2c9a87b6b9fbedbed7,0.003786388,0.082158958,0000
192,001a,0010,e3b0c44298fc1c149afbf4c8996fb92427ae41e4649b934ca495991b7852b855,328bebfb381d67fc3e1b9314d548f9a950286ef8a177d4f4c26e6abe4fd5bfef,7f71a038819230283c168312bf966098940dae4490a169426c524181b97e374f,c5e536361221d6cc36d7fba4254a2e8a0a560ac6eb7c00cc979a4ab70faa3ae5,972f73882045ed27f2c061c49cca4a02ef3d64021746714086aab3fed96a53a0,26ec4021e615be5b2de99a82ec665446527db2d9c9735806e245848c74a6af0b,7c16a96840661fd066a0fbb3a23578e591aaeef56d0e68e8a600fd74bd704db4,6bedb3af3bc2aad92a8415044484265c6db19932f09d8b80d605f4cca0333bf7,0.003783102,0.082189351,0000
193,001a,0010,e3b0c44298fc1c149afbf4c8996fb92427ae41e4649b934ca495991b7852b855,b4e361556fdeef80e81c52f0319f6c4967ecd7e958c46da3dbeb18cf9f89f1f5,5e4bec81fdabf856e10417e174870c8f97d869b2a0904875d080f99af0f8a947,c5e536361221d6cc36d7fba4254a2e8a0a560ac6eb7c00cc979a4ab70faa3ae5,972f73882045ed27f2c061c49cca4a02ef3d64021746714086aab3fed96a53a0,26ec4021e615be5b2de99a82ec665446527db2d9c9735806e245848c74a6af0b,db225b571b9ca0da402543e8c38290a9c46883847ee2b6cf5652f8fea324a3c0,aac6e568647dffa5205aa10f35e4a46fbc1fad89099c955835fcf1612f981934,0.003795725,0.082197659,0000
194,001a,0010,e3b0c44298fc1c149afbf4c8996fb92427ae41e4649b934ca495991b7852b855,39ec9896959c8979c0feb39748e1f0bf81d673a4d9d077268ffbb485b9ff1856,529f8d22cd6cd42f879c3a998c126258fdc0bb8b9b207f448828fda465c68435,c5e536361221d6cc36d7fba4254a2e8a0a560ac6eb7c00cc979a4ab70faa3ae5,972f73882045ed27f2c061c49cca4a02ef3d64021746714086aab3fed96a53a0,26ec4021e615be5b2de99a82ec665446527db2d9c9735806e245848c74a6af0b,bcf160878ccdcc542ec62c37f579c6a0f78eb213622b3586ca367deabf86f33a,82cf399415baed76bce685a4c7ec55b405a70765774be0885ad6ad334981f347,0.003750911,0.082159373,0000
195,001a,0010,e3b0c44298fc1c149afbf4c8996fb92427ae41e4649b934ca495991b7852b855,432020da60b6bfaeaa4c2cf79588a7c32e8d398ffeb493174a6f44ff72293eae,db8f32d3a1bd4187caea5f81141a8ba6fd4a789c002b39706b020ae50ac162e4,c5e536361221d6cc36d7fba4254a2e8a0a560ac6eb7c00cc979a4ab70faa3ae5,972f73882045ed27f2c061c49cca4a02ef3d64021746714086aab3fed96a53a0,26ec4021e615be5b2de99a82ec665446527db2d9c9735806e245848c74a6af0b,20fedb5c04c8f87a8f06e4b99e69a103878cb2dd7705a2017f9583dcaf19bc4b,16bb94c6c774b80ce59d6a4338442607cf317298f4ea8a83a9a4358543e77e67,0.003751988,0.082263942,0000
196,001a,0010,e3b0c44298fc1c149afbf4c8996fb92427ae41e4649b934ca495991b7852b855,0a50f06fa0b57208c81506d5beccc719493f355929463854b60ac93212db547f,1d950c2d41dfdee1f595d54c3660d29725d35e5a1567ff04460ff9f85f49ded1,c5e536361221d6cc36d7fba4254a2e8a0a560ac6eb7c00cc979a4ab70faa3ae5,972f73882045ed27f2c061c49cca4a02ef3d64021746714086aab3fed96a53a0,26ec4021e615be5b2de99a82ec665446527db2d9c9735806e245848c74a6af0b,30deb29ce68114f13cc3799b1cb8ce30b2d9710d7bab2afb83b27d42a7325284,98fe172c65b4296b7ada1f002ded3fc3fa27b4e21fbc2989cd0c281be32fba69,0.003773647,0.082193311,0000
197,001a,0010,e3b0c44298fc1c149afbf4c8996fb92427ae41e4649b934ca495991b7852b855,550ba190e2c3ecf713a4ffda017ce5c91b447b7bd928adc1533bc25a51bad440,56ec084098f640fac67b051d96ffd773e81c1fca5e4d6d6fc60b384166c9129a,c5e536361221d6cc36d7fba4254a2e8a0a560ac6eb7c00cc979a4ab70faa3ae5,972f73882045ed27f2c061c49cca4a02ef3d64021746714086aab3fed96a53a0,26ec4021e615be5b2de99a82ec665446527db2d9c9735806e245848c74a6af0b,a9f805e8ac9fd14e57d58710146ed53076887e357de10f1ee0f66b4cae78497b,455e5a3f5b77b367da6b2c294c28550d630e4765a3d92d1f0c464b565f4edd7b,0.003573954,0.082183682,0000
198,001a,0010,e3b0c44298fc1c149afbf4c8996fb92427ae41e4649b934ca495991b7852b855,4af41d58d589751af18230e99d98b3c17fc82c45e209cad82abe6e04d59a659d,8433ddd5c44fbaa1590181e50143a3cca904a1d404de9643ddde1b13630b86bd,c5e536361221d6cc36d7fba4254a2e8a0a560ac6eb7c00cc979a4ab70faa3ae5,972f73882045ed27f2c061c49cca4a02ef3d64021746714086aab3fed96a53a0,26ec4021e615be5b2de99a82ec665446527db2d9c9735806e245848c74a6af0b,14cb01c32e32c20f5e47958b2e38cad633b3c89237c60ddb097da53d8ce989b7,26c3e786fcc8f0e3abf7aa692b2252f0c3bce8e7a709ff5dc0de5aa7a9e2a91f,0.003813984,0.082456308,0000
199,001a,0010,e3b0c44298fc1c149afbf4c8996fb92427ae41e4649b934ca495991b7852b855,d2c49a141894af60d3383908a8dba00cec6441521f5a74f62602729fdd345194,f7e3c98e0bbf3913a7fe879c41f863a9ceacdef7e34ba74d61192832881a2eb1,c5e536361221d6cc36d7fba4254a2e8a0a560ac6eb7c00cc979a4ab70faa3ae5,972f73882045ed27f2c061c49cca4a02ef3d64021746714086aab3fed96a53a0,26ec4021e615be5b2de99a82ec665446527db2d9c9735806e245848c74a6af0b,517fbbe011952bda8a3bf3f4a405e8f25dde0a864286523d13163b0c12daaa28,869b6f8aa5cafba0c355488b8c3695d0bd59763ee6fab143c7ea3fc7f3c870de,0.003775993,0.082128693,0000
200,001a,0010,e3b0c44298fc1c149afbf4c8996fb92427ae41e4649b934ca495991b7852b855,3d5dc2c4542c3612d8668de30bba073a9c0cec303fad07467682b24c5dc718b2,e3be9ed55629c715a8d67ee9d2ebbd901ec337281fd31500a8185f9883cdb1da,c5e536361221d6cc36d7fba4254a2e8a0a560ac6eb7c00cc979a4ab70faa3ae5,972f73882045ed27f2c061c49cca4a02ef3d64021746714086aab3fed96a53a0,26ec4021e615be5b2de99a82ec665446527db2d9c9735806e245848c74a6af0b,62f8c1bc7d7b23d2928acdce82a272ee9bc6f172bf2dbd452aa435736797e2d6,b6c6637865b9a14b919392ad8a70643c4fdadebbb1152a472fef6020e8dbec6a,0.003711934,0.082205984,0000
201,001a,0010,e3b0c44298fc1c149afbf4c8996fb92427ae41e4649b934ca495991b7852b855,9219cde3f5e24b2a5b3b9d9127a23e999bf2f0f05f57792356474d375aca9d3c,e8024f8f4496a31f270bcbd53c1564ec5f5600ac8ce8f6cd9f53faac2b65275d,c5e536361221d6cc36d7fba4254a2e8a0a560ac6eb7c00cc979a4ab70faa3ae5,972f73882045ed27f2c061c49cca4a02ef3d64021746714086aab3fed96a53a0,26ec4021e615be5b2de99a82ec665446527db2d9c9735806e245848c74a6af0b,0d3b3444711e14e137f154a9332c1495ca355ac603ff32161f98c2d11314626e,3dd8c74f5e835d0a10b18f6945ada791191c859545df861b164189a634b34ee6,0.003806698,0.082242227,0000
202,001a,0010,e3b0c44298fc1c149afbf4c8996fb92427ae41e4649b934ca495991b7852b855,530ed98a7ccfe99724ccaad7d7f00d935689cd75cdf289eece18d33b615a1765,3aafbbef6de2c96bb281d50b601b2309dead90c5110de72faad5ca0bb9829400,c5e536361221d6cc36d7fba4254a2e8a0a560ac6eb7c00cc979a4ab70faa3ae5,972f73882045ed27f2c061c49cca4a02ef3d64021746714086aab3fed96a53a0,26ec4021e615be5b2de99a82ec665446527db2d9c9735806e245848c74a6af0b,d8d45530c1df00cab11764c7c3a0a7a1a8b6ea6052f00eb26dcc6a6853ff9f04,6b9ddef94418a2340e155b2969f4e36f06d9b9e3efb2581bad64d9aa3912156a,0.003754663,0.082198662,0000
203,001a,0010,e3b0c44298fc1c149afbf4c8996fb92427ae41e4649b934ca495991b7852b855,8c8109fe08cd7c76ab46530347e02b8d53db5d0e8e28c82627adb68f62adb3b5,0727c6370407dc836a57a86c1e13c7533fa3d9b6df3a308daef395e03190ca30,c5e536361221d6cc36d7fba4254a2e8a0a560ac6eb7c00cc979a4ab70faa3ae5,972f73882045ed27f2c061c49cca4a02ef3d64021746714086aab3fed96a53a0,26ec4021e615be5b2de99a82ec665446527db2d9c9735806e245848c74a6af0b,13ed0355c7fe96aaaaf2c63c6bdad0eec4f272e446dda47e05fc6b61618130c3,8471f9b4bbc2c46931213dfc4bb78fdf934f520f6f9144c93fd94f89f66f7bef,0.003750979,0.082210641,0000
204,001a,0010,e3b0c44298fc1c149afbf4c8996fb92427ae41e4649b934ca495991b7852b855,5739d9efc950751978770ac6e0d0c29922f4b6bead1136ee821db5203318effe,be3e11339fc134bdac9c59937f3c7735eee4ceb05a035a0e423c88b1ff3eff42,c5e536361221d6cc36d7fba4254a2e8a0a560ac6eb7c00cc979a4ab70faa3ae5,972f73882045ed27f2c061c49cca4a02ef3d64021746714086aab3fed96a53a0,26ec4021e615be5b2de99a82ec665446527db2d9c9735806e245848c74a6af0b,f64df7b41dbb81e288f94d3c8bc6d0ae0e5e9f6953b73f592fd6648503511cb9,52fdd6a1e83c789c90a58b51545202778c6693fc730dde89abc61d37f46cd4b2,0.003789443,0.082207657,0000
205,001a,0010,e3b0c44298fc1c149afbf4c8996fb92427ae41e4649b934ca495991b7852b855,0aa52e7863a052bcaefe026d8d0000f10a8d2eb728298a2a9bfcddb72eaed04c,03d68900ee07d55caedbb8fabf3b1412ebb3a40117099b2fc6a6f035a77dd104,c5e536361221d6cc36d7fba4254a2e8a0a560ac6eb7c00cc979a4ab70faa3ae5,972f73882045ed27f2c061c49cca4a02ef3d64021746714086aab3fed96a53a0,26ec4021e615be5b2de99a82ec665446527db2d9c9735806e245848c74a6af0b,859e53b7d0d879f07627124a64fe6f791a8b9176d2ed151a67b2c2a40f8eff79,c8044e377d15e9be334510ca9e4897eb9dcfe18eefd9e02ef0f7fafbe298f804,0.003745356,0.082219437,0000
206,001a,0010,e3b0c44298fc1c149afbf4c8996fb92427ae41e4649b934ca495991b7852b855,edd2ad837ee6be6426f94e951a71a24cd924c3a79826e62a3d6609d4a60261e9,2bfca722c3d6628ee0c3f608f5907dda1bb012addcb770ff36b5161bda1f4836,c5e536361221d6cc36d7fba4254a2e8a0a560ac6eb7c00cc979a4ab70faa3ae5,972f73882045ed27f2c061c49cca4a02ef3d64021746714086aab3fed96a53a0,26ec4021e615be5b2de99a82ec665446527db2d9c9735806e245848c74a6af0b,425e15c80a09d1cd002d5c8496e56ca7de5f628a2251648416f89fc00f3cd338,56e42293fb564eb8a363006d95eeb88cf78a5bfb43dc0dcd4cda89b71e6b0d2b,0.003757361,0.082186300,0000
207,001a,0010,e3b0c44298fc1c149afbf4c8996fb92427ae41e4649b934ca495991b7852b855,e878dee42d28133bc0aed395323299b4bcdf4f48b9ee5f7c74a68dd0f067ce03,71b0c044a1573c84613fa56136e9203ef835056aa3965bf6e594c56eb74e3cae,c5e536361221d6cc36d7fba4254a2e8a0a560ac6eb7c00cc979a4ab70faa3ae5,972f73882045ed27f2c061c49cca4a02ef3d64021746714086aab3fed96a53a0,26ec4021e615be5b2de99a82ec665446527db2d9c9735806e245848c74a6af0b,5fd51ffe331934755717cea933fd5a273fdc016d2ca73a765df01642443fe461,233229c1fdcdb29afa2560d0f53ca48e5b8293a6fb09705d1ca89d79ff7dd548,0.003771848,0.082247703,0000
208,001a,0010,e3b0c44298fc1c149afbf4c8996fb92427ae41e4649b934ca495991b7852b855,536db3f563401f449cb6938abc1f948fad7fd94cd1f30025afd30e35af4cd11e,07464f9e28665a4709ef12b18e9d0430d0c725d36b903601c6dec1e3a3a5d459,c5e536361221d6cc36d7fba4254a2e8a0a560ac6eb7c00cc979a4ab70faa3ae5,972f73882045ed27f2c061c49cca4a02ef3d64021746714086aab3fed96a53a0,26ec4021e615be5b2de99a82ec665446527db2d9c9735806e245848c74a6af0b,eb056e00d6e1ff3d41a3e787fdf982ce5d924bb939cacca69786c3d611aa2b2c,4fa275dc05fc24a35d84a3d774a1a8f7f94ea664f70853921dff54e7a7a42130,0.003758779,0.082197822,0000
209,001a,0010,e3b0c44298fc1c149afbf4c8996fb92427ae41e4649b934ca495991b7852b855,3219d4a3c3a8589fd8bb623dac42ff74a5ff722c20f52f56e5b6b68e0147c8c0,d006443ca6019b3c69f6af3ba288c2bb7b6c1c293b678bd877d6f9fc8d7992a3,c5e536361221d6cc36d7fba4254a2e8a0a560ac6eb7c00cc979a4ab70faa3ae5,972f73882045ed27f2c061c49cca4a02ef3d64021746714086aab3fed96a53a0,26ec4021e615be5b2de99a82ec665446527db2d9c9735806e245848c74a6af0b,51becd83726db8269c8a70ed963c17d57b4fe37afccc91a0a3b091592dbf8c94,0c37ed1a739e15d37bcfcea2e098e9bc573f3579de153b28106965b702e4fba7,0.003787590,0.082211610,0000
210,001a,0010,e3b0c44298fc1c149afbf4c8996fb92427ae41e4649b934ca495991b7852b855,bac2d832f15e891f25ea091f15c9ac383331bfa83b0c16c53ae48163a902ab96,6c10758a30b96b2fed5428e83401a5af4a1b87f408403de3d6502fbb7a4396c6,c5e536361221d6cc36d7fba4254a2e8a0a560ac6eb7c00cc979a4ab70faa3ae5,972f73882045ed27f2c061c49cca4a02ef3d64021746714086aab3fed96a53a0,26ec4021e615be5b2de99a82ec665446527db2d9c9735806e245848c74a6af0b,2a6009ddea5306ab1db996a3ec64302578c5330d3a2bccb55bd44182c3ca3ffa,40c52d533789cd610ecffd16906110b2451a313fb1473b99c3ee2458cc1b6b0b,0.003740036,0.082205284,0000
211,001a,0010,e3b0c44298fc1c149afbf4c8996fb92427ae41e4649b934ca495991b7852b855,ba39c314ac7da2d5c16246bef6d5529b8a34d5279e284f7ba798e43c31bbc605,800def6558176f5f12a55bd46ab340610499961f279a7cf684dfa66221c18114,c5e536361221d6cc36d7fba4254a2e8a0a560ac6eb7c00cc979a4ab70faa3ae5,972f73882045ed27f2c061c49cca4a02ef3d64021746714086aab3fed96a53a0,26ec4021e615be5b2de99a82ec665446527db2d9c9735806e245848c74a6af0b,5d959ff3f1ae14a8503a7dbadba12004401202ea57231fe6c492f08c9be5f622,1c961f44133912e71dfecb74586eb1cd8a8d9c31bb6b66f54b7dd30238390c6a,0.003633527,0.082934455,0000
212,001a,0010,e3b0c44298fc1c149afbf4c8996fb92427ae41e4649b934ca495991b7852b855,c4fcaef8d4c53252c31d77104900ba72412085a3a16068e597d83a52bb9b7b21,0f32d6840c34a2dd841cc841df3bac09e5f497e9c11fda888b07c9c4dd2486b8,c5e536361221d6cc36d7fba4254a2e8a0a560ac6eb7c00cc979a4ab70faa3ae5,972f73882045ed27f2c061c49cca4a02ef3d64021746714086aab3fed96a53a0,26ec4021e615be5b2de99a82ec665446527db2d9c9735806e245848c74a6af0b,eb421917f43c57d9c235a6694f5410e5097d41c1cc8803ba05a700368e67dc02,150b40ce36c1dd50d85df83eddc7b4a876ab56f23114f10b309b81d489f4d0ed,0.003794776,0.082671899,0000
213,001a,0010,e3b0c44298fc1c149afbf4c8996fb92427ae41e4649b934ca495991b7852b855,e3ff6465986795af4c447f531bceaba4e7b871b22c81e92b022dad1fa4906ba1,fc20d8a566994cfa96df2d402948f93b868a7999cf68111d632f3e642dfd79b0,c5e536361221d6cc36d7fba4254a2e8a0a560ac6eb7c00cc979a4ab70faa3ae5,972f73882045ed27f2c061c49cca4a02ef3d64021746714086aab3fed96a53a0,26ec4021e615be5b2de99a82ec665446527db2d9c9735806e245848c74a6af0b,9141b6590786a7be61574abfa1712f01f8a95bceb15a0e905f1e6bbd6f2ad4c3,48b1393f6464e9b419a6d9198c08e88a50fccd680e669ba688ef9ca1609ae117,0.003763636,0.082134000,0000
214,001a,0010,e3b0c44298fc1c149afbf4c8996fb92427ae41e4649b934ca495991b7852b855,ada3288afd36c0b5d3120ff7d4ab6946ca23a0b8fa057adcf0f4fc977be9b9f5,41bff77c743c9f8cf65152032c73c63879d30b5534e36016f413691c6fc784a8,c5e536361221d6cc36d7fba4254a2e8a0a560ac6eb7c00cc979a4ab70faa3ae5,972f73882045ed27f2c061c49cca4a02ef3d64021746714086aab3fed96a53a0,26ec4021e615be5b2de99a82ec665446527db2d9c9735806e245848c74a6af0b,28a91e1949a00116bfd868d6ca885c96e0bcd8a7d18039b9653175e111667672,f05bfa06c53189a03cf05bf3af343429df01094ee0f1c620a01aff45f219e2b4,0.003775646,0.082211441,0000
215,001a,0010,e3b0c44298fc1c149afbf4c8996fb92427ae41e4649b934ca495991b7852b855,57b4c3ea252eeabec6580ccd85f0281e27cf7ba2a897f27f64521685c641e02c,5deacf3a00063d8ef119a91216d9f84200622052a6c0c6fe55408872c0a61262,c5e536361221d6cc36d7fba4254a2e8a0a560ac6eb7c00cc979a4ab70faa3ae5,972f73882045ed27f2c061c49cca4a02ef3d64021746714086aab3fed96a53a0,26ec4021e615be5b2de99a82ec665446527db2d9c9735806e245848c74a6af0b,ae6db204690a87e2b97939e230b6da25cfda577f8b5e467bd393df6af441e45e,67eb029c94d8fca015d3f21e40a43fd6d97dc2dd563afeff8dcbd92f00ed6cc3,0.003774217,0.082196218,0000
216,001a,0010,e3b0c44298fc1c149afbf4c8996fb92427ae41e4649b934ca495991b7852b855,106e7f9b2c73b90520859f893f46ffd999063182a01bec912f51aa0b645f15bb,e5823196e55bda96d2b199fb9d275dca85cc21c28b7898e9119e59fedd3cef32,c5e536361221d6cc36d7fba4254a2e8a0a560ac6eb7c00cc979a4ab70faa3ae5,972f73882045ed27f2c061c49cca4a02ef3d64021746714086aab3fed96a53a0,26ec4021e615be5b2de99a82ec665446527db2d9c9735806e245848c74a6af0b,8b23a8453e01eacd82fe13d6c11605bb4cb95059e95a6ef3ec96ca6ecdac6b04,ec1e0ffd8e2f564553d8f19701f65c829ce6322b86596bef5a3256171179c11a,0.003797568,0.082190504,0000
217,001a,0010,e3b0c44298fc1c149afbf4c8996fb92427ae41e4649b934ca495991b7852b855,afd8587851b34f4369f0900669c06a7d4515b39d72fa4e52a34879da27b64759,fe19f5f3dbd7a01ce6b5d7b5e2744960134600b1a199518cb7dae10f4996666f,c5e536361221d6cc36d7fba4254a2e8a0a560ac6eb7c00cc979a4ab70faa3ae5,972f73882045ed27f2c061c49cca4a02ef3d64021746714086aab3fed96a53a0,26ec4021e615be5b2de99a82ec665446527db2d9c9735806e245848c74a6af0b,7cc56ed7ebeb52bfb00bca9ecfb2e643cae7be1c8dd0f445e1be7da2a272f54f,1c683da2b243372b8e89e71f84d272458efa9253b646bd57bca5e541016a00d8,0.003791215,0.082178951,0000
218,001a,0010,e3b0c44298fc1c149afbf4c8996fb92427ae41e4649b934ca495991b7852b855,a759b3c96bb6832ba7e760eec97dd2add2eabbf0455eb2a72bb8283e17d20753,1d141d275d15f8860871ee5f7bebd1cc81e7bc5fe6dc1fcddb64a3d9191142fb,c5e536361221d6cc36d7fba4254a2e8a0a560ac6eb7c00cc979a4ab70faa3ae5,972f73882045ed27f2c061c49cca4a02ef3d64021746714086aab3fed96a53a0,26ec4021e615be5b2de99a82ec665446527db2d9c9735806e245848c74a6af0b,5c2e845264cfacb67e87673ea442b1ba1238a0c45556ff165af2d56dae3e4275,cefe89a847eb1ab19fa59c355d7a6a59072e5d41ad5ce3e6e1f0c7300f4306b7,0.003754964,0.082206128,0000
219,001a,0010,e3b0c44298fc1c149afbf4c8996fb92427ae41e4649b934ca495991b7852b855,f64c0432c0335f97907e8a608b3a0f08f637047f3fccb5bd104e414c4ae13429,a2eb69ed4f7dd67c491322d91c3a6f41ead6c7d557cd628cc4280d6409940966,c5e536361221d6cc36d7fba4254a2e8a0a560ac6eb7c00cc979a4ab70faa3ae5,972f73882045ed27f2c061c49cca4a02ef3d64021746714086aab3fed96a53a0,26ec4021e615be5b2de99a82ec665446527db2d9c9735806e245848c74a6af0b,3d4ff1e42901fdaf329eafd72e14720505f3dae75f315f07f6bb3109c2c2a378,97deb495519316a423b159e48735c6bb8b86c38fd8bb6a401d00eb28c45b27f8,0.003792009,0.082194255,0000
220,001a,0010,e3b0c44298fc1c149afbf4c8996fb92427ae41e4649b934ca495991b7852b855,d9ef7dc9df7a7e79fd20a597e6a411291d54633ed2945752ff835ef5a3267827,4b80b240589510234059e89556b60483aeee51620c6e4e6801c97fd8d15c23d5,c5e536361221d6cc36d7fba4254a2e8a0a560ac6eb7c00cc979a4ab70faa3ae5,972f73882045ed27f2c061c49cca4a02ef3d64021746714086aab3fed96a53a0,26ec4021e615be5b2de99a82ec665446527db2d9c9735806e245848c74a6af0b,ff0ba43fa2bb5bb468b6e84b1be69eef9169edc5dbedaee3d3c4dc42c741d3ac,3bdc67660b332d37ea42244a725ea4d257d7d3fdcd0826b0a754ec34a0cd2c6f,0.003712567,0.082255748,0000
221,001a,0010,e3b0c44298fc1c149afbf4c8996fb92427ae41e4649b934ca495991b7852b855,b705bc829f3d027c6adc42ff8f7a6c44372b5964149c932e1788a5e36cf74756,9fcccdc659cbf2de634abf96be091e5595de081fa4db79cd613323123cb2a422,c5e536361221d6cc36d7fba4254a2e8a0a560ac6eb7c00cc979a4ab70faa3ae5,972f73882045ed27f2c061c49cca4a02ef3d64021746714086aab3fed96a53a0,26ec4021e615be5b2de99a82ec665446527db2d9c9735806e245848c74a6af0b,c8ac79442959d8f32c74fa6c8d56cfd0202ba1ba5acd6aab9c26d475d1a53738,69ca94889102276cb6b287c240b4248776af32b070b8bad692f933002fc18135,0.003758014,0.082230415,0000
222,001a,0010,e3b0c44298fc1c149afbf4c8996fb92427ae41e4649b934ca495991b7852b855,217bfe56d6b5e3fea2c065de931756e1979721121ea40b699b33180d93b20528,7478088530ed935f6d74540836ee4c118f3b1dd7cda51d4103b109efe103b1ca,c5e536361221d6cc36d7fba4254a2e8a0a560ac6eb7c00cc979a4ab70faa3ae5,972f73882045ed27f2c061c49cca4a02ef3d64021746714086aab3fed96a53a0,26ec4021e615be5b2de99a82ec665446527db2d9c9735806e245848c74a6af0b,2698b9cf3836e89336e5cf02b9f1f7489882cb4f5bbf826b8a97caba0febe0ef,9d3e82e484f89f0c6605201c504f753cd9fef9ac537d051e4e1f6fc7f7070b5e,0.003818300,0.082170484,0000
223,001a,0010,e3b0c44298fc1c149afbf4c8996fb92427ae41e4649b934ca495991b7852b855,3096dcf0f1aaf3b7bc7b2475750bba1eba1ab0f36e91ddffc72387cb55907a7b,1f22fd5f7e6ac07bfdd78e5da445464370e555828a93d2e3fd8ca3a9299a2443,c5e536361221d6cc36d7fba4254a2e8a0a560ac6eb7c00cc979a4ab70faa3ae5,972f73882045ed27f2c061c49cca4a02ef3d64021746714086aab3fed96a53a0,26ec4021e615be5b2de99a82ec665446527db2d9c9735806e245848c74a6af0b,b7134dcd41d5fe5819d2c725878358a0caede107ac4c2747109d06cf04a42ded,458206d3897cd1c119a10b76ff95dec45b588fd8b8b7d66566a96e283cbd60d7,0.003762705,0.082188471,0000
224,001a,0010,e3b0c44298fc1c149afbf4c8996fb92427ae41e4649b934ca495991b7852b855,1fdb048ab1f12bf82c06e3198b992a5c8a9f9c5675a8e3803efe0dec1362a222,a285707beb03bf0afddbe2a9a3a581d5f9a884e145e9f5a7bb337dbadf2ca8cd,c5e536361221d6cc36d7fba4254a2e8a0a560ac6eb7c00cc979a4ab70faa3ae5,972f73882045ed27f2c061c49cca4a02ef3d64021746714086aab3fed96a53a0,26ec4021e615be5b2de99a82ec665446527db2d9c9735806e245848c74a6af0b,f2d4113c8019f77ceb3974f2b73c91099c0f8996b1ee125712455d6302405dd7,bbd4960441f594d1178ab839da655ce7f50f24f1f78b6e938b722b9130fec776,0.003794495,0.082190629,0000
225,001a,0010,e3b0c44298fc1c149afbf4c8996fb92427ae41e4649b934ca495991b7852b855,8a29d7c3f275ee4432f1a521bd4480d37a736387a85f1cbce3b17b6fabfcde74,647f2e5006d194435533ed1e306765287d1828ec8643a497e47e865805f8af8e,c5e536361221d6cc36d7fba4254a2e8a0a560ac6eb7c00cc979a4ab70faa3ae5,972f73882045ed27f2c061c49cca4a02ef3d64021746714086aab3fed96a53a0,26ec4021e615be5b2de99a82ec665446527db2d9c9735806e245848c74a6af0b,2d56767fe9167ad988f0b56e813f8f8faacaeca8686fc1e40ec74bc5526f7054,77359e30b652f0e966ee10e1edabe2e25030cdb55a18866c94dcc8970792f452,0.003787722,0.082247241,0000
226,001a,0010,e3b0c44298fc1c149afbf4c8996fb92427ae41e4649b934ca495991b7852b855,1d6b2fd271e51f6a75314d12e97bbd243edffcfcf198b5d112819bdcf506e5bd,c93cb49f5bb359ba196a759fb4a6b157158278a7db86b5809a4ae8f2439826e8,c5e536361221d6cc36d7fba4254a2e8a0a560ac6eb7c00cc979a4ab70faa3ae5,972f73882045ed27f2c061c49cca4a02ef3d64021746714086aab3fed96a53a0,26ec4021e615be5b2de99a82ec665446527db2d9c9735806e245848c74a6af0b,fcc39aebdd3a15dbd4e92e3b9b88ba0d20270cdd96f9b9d755bc019b1dbdb967,10790c8c2b3f4d27bf5a9c0f8c3c7b70dcc69810a80dbc1bf6971c46304aceb9,0.003802363,0.082168921,0000
227,001a,0010,e3b0c44298fc1c149afbf4c8996fb92427ae41e4649b934ca495991b7852b855,f928cd51b6dc85c76d5cb9fbc4a54bae149fd69f5baef721bd560f55d329511d,5c34f1ef2f27da94e9275601f11da091c6eaae18d955e051d92892550adefe40,c5e536361221d6cc36d7fba4254a2e8a0a560ac6eb7c00cc979a4ab70faa3ae5,972f73882045ed27f2c061c49cca4a02ef3d64021746714086aab3fed96a53a0,26ec4021e615be5b2de99a82ec665446527db2d9c9735806e245848c74a6af0b,4c77725f4ac2c64df1cc347448a97846e7b90519b2e47046f5117e0d94c6e2d7,6753b67e3df50d1e616237a2394d5655502d359ee2bbb11a6ef596b8e161210d,0.003802199,0.082170966,0000
228,001a,0010,e3b0c44298fc1c149afbf4c8996fb92427ae41e4649b934ca495991b7852b855,82b5737425690eebc4760b40a9b8655b7091de9b98f67727a20e1091df1686fc,fe7464cd2f4a3ecda809dfe235d6b609fd31cc50fc57a9c69355caf3c9683343,c5e536361221d6cc36d7fba4254a2e8a0a560ac6eb7c00cc979a4ab70faa3ae5,972f73882045ed27f2c061c49cca4a02ef3d64021746714086aab3fed96a53a0,26ec4021e615be5b2de99a82ec665446527db2d9c9735806e245848c74a6af0b,8dbc45889b5f6de6f74803da6c43d583c821bbbbc3e7c34cc8ff7d77f35ded23,1892b95f669ab8d89c03daabb135ae7b1904ec3e35e36b68d026f05a5e1a0523,0.003767322,0.082147077,0000
229,001a,0010,e3b0c44298fc1c149afbf4c8996fb92427ae41e4649b934ca495991b7852b855,386f3ea55686ca2d7bac89fbe856fd5af524c75a342ce4008a3ae514ec64eb99,b30a7a744fe1ca541fdc0b92829d16e60ffa619d66401e3f2998219532beeb22,c5e536361221d6cc36d7fba4254a2e8a0a560ac6eb7c00cc979a4ab70faa3ae5,972f73882045ed27f2c061c49cca4a02ef3d64021746714086aab3fed96a53a0,26ec4021e615be5b2de99a82ec665446527db2d9c9735806e245848c74a6af0b,7878d61c5fd71695098c1bdbf98ba60f9c2c469daac8280bfa08f2dbfe6f14a9,2646c90680877603b7b6b3efe4882a64c9856fa8f3bd49b857cbf74f1cba1d4a,0.003617799,0.082198720,0000
230,001a,0010,e3b0c44298fc1c149afbf4c8996fb92427ae41e4649b934ca495991b7852b855,ab1c47d6ee6466709933ec3594e6955ac24ac751c0d8343b2ba5c1362cb83e17,8100433af51406cfd9af63b8d65d33b071bbbaf5056e911623b91f36faabc1d1,c5e536361221d6cc36d7fba4254a2e8a0a560ac6eb7c00cc979a4ab70faa3ae5,972f73882045ed27f2c061c49cca4a02ef3d64021746714086aab3fed96a53a0,26ec4021e615be5b2de99a82ec665446527db2d9c9735806e245848c74a6af0b,54ea23d4601263ea3d87d6a9fa7bbb70eb0a4f61807270b832bd13101a41ad5d,c05866dd19cca92ea2db4f03e7ddc707764628dbd69e8516d43b04bb9f96bd10,0.003775105,0.082370388,0000
231,001a,0010,e3b0c44298fc1c149afbf4c8996fb92427ae41e4649b934ca495991b7852b855,e99f4e54caf4fd59d3541f118f2f84aae9d42f51c91110fc6a6c4c420993e7e4,d80a148ae9ca2f22b97369e76a7a7a76c88163fe237ddb82d2e6d02fe736ad15,c5e536361221d6cc36d7fba4254a2e8a0a560ac6eb7c00cc979a4ab70faa3ae5,972f73882045ed27f2c061c49cca4a02ef3d64021746714086aab3fed96a53a0,26ec4021e615be5b2de99a82ec665446527db2d9c9735806e245848c74a6af0b,df7a6dd91f69aa684cac3a192776c332eadc794f6a1f3f40669eb0cce5fc12f6,dab79c3593ee7140089cfdc7062238d47f55c5569afbe27167a14bb31853577a,0.003770715,0.082200535,0000
232,001a,0010,e3b0c44298fc1c149afbf4c8996fb92427ae41e4649b934ca495991b7852b855,dd3a644823368a4a2ff11df13228ddf2a1787a45267d2413c01821d5cf251534,6b425a83fc08ab5aa2f5f123f75455a4e17443d15a5f94396b4256c31b13cf9c,c5e536361221d6cc36d7fba4254a2e8a0a560ac6eb7c00cc979a4ab70faa3ae5,972f73882045ed27f2c061c49cca4a02ef3d64021746714086aab3fed96a53a0,26ec4021e615be5b2de99a82ec665446527db2d9c9735806e245848c74a6af0b,a025aac8fd92ef653c1bd1a9c50216b6461ac53604b5277f2f9f137489391ee9,38e43ceab4b0ed575fc7f1020091b07c481125916dcc6f6fe52d9523a0bcab85,0.003798028,0.082178864,0000
233,001a,0010,e3b0c44298fc1c149afbf4c8996fb92427ae41e4649b934ca495991b7852b855,e08dd62291ea04f630132206816e9c52174e90ef2602295a85717a4bebc7a786,0dc537af5005abf74c4468ac0b8edb5b881d765435f94c85ebaba9b57c4790d4,c5e536361221d6cc36d7fba4254a2e8a0a560ac6eb7c00cc979a4ab70faa3ae5,972f73882045ed27f2c061c49cca4a02ef3d64021746714086aab3fed96a53a0,26ec4021e615be5b2de99a82ec665446527db2d9c9735806e245848c74a6af0b,ce98f2aafd69383fe3de5e3e7bd4831e7cf8ce5e65986e4db8661e649fb70f58,cbf1d517a1d41d1cd9a0ed58b6c708857427d3ecee4779b0bdf0690b2330b86e,0.003776317,0.082195370,0000
234,001a,0010,e3b0c44298fc1c149afbf4c8996fb92427ae41e4649b934ca495991b7852b855,5b64299e2bd173c26149574dac0ddd0612347a4df239ae518053d09965dcabd2,d18dd85af09a2d9abf91726388328f619b99e47c39b45593a2c57ad79ddee8ac,c5e536361221d6cc36d7fba4254a2e8a0a560ac6eb7c00cc979a4ab70faa3ae5,972f73882045ed27f2c061c49cca4a02ef3d64021746714086aab3fed96a53a0,26ec4021e615be5b2de99a82ec665446527db2d9c9735806e245848c74a6af0b,2aff7ee0889d87d77a1d9c3adb3fae9d250e889b656ef51cdbd5c6aed33d3f29,acd9fccdbff19414d0ac1d389bba95e1be3a7d4fafbf6552d963cddca2dd1545,0.003786593,0.082200132,0000
235,001a,0010,e3b0c44298fc1c149afbf4c8996fb92427ae41e4649b934ca495991b7852b855,f200475821db490402624fe8d41551a6a95aed1d1174bef2b261a078d29f74d0,3a614644055f28ac0572ecdbca1ed2a9654944dd3ec4b00d9c6365c3e9c6a430,c5e536361221d6cc36d7fba4254a2e8a0a560ac6eb7c00cc979a4ab70faa3ae5,972f73882045ed27f2c061c49cca4a02ef3d64021746714086aab3fed96a53a0,26ec4021e615be5b2de99a82ec665446527db2d9c9735806e245848c74a6af0b,388d23715674682733f9f44935d406108944deff9b2fd6489a5df56454f31347,ecccfceceec8b93b04a978c6948dc8824cdba043a7493f44c59b2c2211bb5e61,0.003804806,0.082171707,0000
236,001a,0010,e3b0c44298fc1c149afbf4c8996fb92427ae41e4649b934ca495991b7852b855,24344d32f49a157892d1a00f3a4e4d72d4e5b9200d141c3dac33268067e2a1b8,fec9d436dba31a7eda23239f812393a3075776257df842a8c5d0a56cbd563b68,c5e536361221d6cc36d7fba4254a2e8a0a560ac6eb7c00cc979a4ab70faa3ae5,972f73882045ed27f2c061c49cca4a02ef3d64021746714086aab3fed96a53a0,26ec4021e615be5b2de99a82ec665446527db2d9c9735806e245848c74a6af0b,c046b0c9bec829dc934d4ae534e0e25551667260190d8063813e4cb96ea3de4c,371864b1d237fffff2426738faa9872c3519c2881bbcac590e1b9f679b83c60c,0.003755111,0.082194078,0000
237,001a,0010,e3b0c44298fc1c149afbf4c8996fb92427ae41e4649b934ca495991b7852b855,bb362e42361a58de2e9e4a454e513fbf9e8d6d371881e29d2e945ea901deb1c7,11467cf8ab1dbf201e41189ac1c645897ee135d733e269e2737e30ff69735aa9,c5e536361221d6cc36d7fba4254a2e8a0a560ac6eb7c00cc979a4ab70faa3ae5,972f73882045ed27f2c061c49cca4a02ef3d64021746714086aab3fed96a53a0,26ec4021e615be5b2de99a82ec665446527db2d9c9735806e245848c74a6af0b,78905bb7621b92bc0b18f20b66610ed5896ea82afc4e0a4c2b9ed3af62a6eaa3,bbd5c76bb32af75e3fb6d36fc441529047ce8135d743af2be55c22eddf14b212,0.003800831,0.082194401,0000
238,001a,0010,e3b0c44298fc1c149afbf4c8996fb92427ae41e4649b934ca495991b7852b855,603d9347efd13ac7567bd94ba177713596c93a4835020e3192da2d986f34bb68,f10382383990dc786d4f93560294fa2727531455ffff7aa6250007d1cfdab945,c5e536361221d6cc36d7fba4254a2e8a0a560ac6eb7c00cc979a4ab70faa3ae5,972f73882045ed27f2c061c49cca4a02ef3d64021746714086aab3fed96a53a0,26ec4021e615be5b2de99a82ec665446527db2d9c9735806e245848c74a6af0b,75b02c5f470acf6b60b3bc5bdaf89cbd65dd5d867501622eb7e68936a57bd613,5ba0c9b3a07c9cf114240675b6804714170649cfdde15d919231cacc5772131e,0.003792688,0.082240639,0000
239,001a,0010,e3b0c44298fc1c149afbf4c8996fb92427ae41e4649b934ca495991b7852b855,75f96640998d357f79b46e8eab692c1227de4586fd20d2056e0cd1b014ab1d06,aad8fa031ee26c7132aa9fe3c01b4b25a92843b3b6a10f19cd83f07e4b21d320,c5e536361221d6cc36d7fba4254a2e8a0a560ac6eb7c00cc979a4ab70faa3ae5,972f73882045ed27f2c061c49cca4a02ef3d64021746714086aab3fed96a53a0,26ec4021e615be5b2de99a82ec665446527db2d9c9735806e245848c74a6af0b,8ee3dd2e14b9f2a5569d68f82dfe51e2a1bbebf729d101d75d528938e345ee87,7bcf3c5271e08a4a9665384c0966235fd05aff49b6be906764f28daf60322641,0.003753694,0.082116927,0000
240,001a,0010,e3b0c44298fc1c149afbf4c8996fb92427ae41e4649b934ca495991b7852b855,2a3bfa94c3dea5efdb094cffc5778e9e64ab7922097c11f0141806549a0446d1,2ef47cf336eafd6900e34062c91617add7aa214928c1a49f74c378f4cc161d5b,c5e536361221d6cc36d7fba4254a2e8a0a560ac6eb7c00cc979a4ab70faa3ae5,972f73882045ed27f2c061c49cca4a02ef3d64021746714086aab3fed96a53a0,26ec4021e615be5b2de99a82ec665446527db2d9c9735806e245848c74a6af0b,9227339f8246e075c2bc221721b1ee7bcabf3d7b2e67cc9d0b3dd270a9e0c59f,02f0793af21cc47571f8b515a3d271d3c3c04f5ad03bb17e664df1654894bef5,0.003831051,0.082319356,0000
241,001a,0010,e3b0c44298fc1c149afbf4c8996fb92427ae41e4649b934ca495991b7852b855,e599576895ebb55037ffcf253f71f5787aced321ab260d44459d28bc18a5355c,9d95994cda8840e972a6c44a25af7309e242a9961ff080516f169e483238d8d1,c5e536361221d6cc36d7fba4254a2e8a0a560ac6eb7c00cc979a4ab70faa3ae5,972f73882045ed27f2c061c49cca4a02ef3d64021746714086aab3fed96a53a0,26ec4021e615be5b2de99a82ec665446527db2d9c9735806e245848c74a6af0b,1c842c792f9fa125c9e3b70752ef01c87b844c28ed242e41f905dbf1fb6d102d,bf6fa6b9a3a8378c6974c934d846b519c0a6c8f348154a1c2b384fcec0e94f71,0.003764495,0.082081215,0000
242,001a,0010,e3b0c44298fc1c149afbf4c8996fb92427ae41e4649b934ca495991b7852b855,cadef3bd115e4b89ae125c30c5ede87fa6c5e25575b0124d8bbdd271c915f90c,390cf8984d1ad60f4214ddc64d89374f8d0e8af25c82bbd11d340fc60660eff8,c5e536361221d6cc36d7fba4254a2e8a0a560ac6eb7c00cc979a4ab70faa3ae5,972f73882045ed27f2c061c49cca4a02ef3d64021746714086aab3fed96a53a0,26ec4021e615be5b2de99a82ec665446527db2d9c9735806e245848c74a6af0b,4c2e05bc2c26bac3b7596177c6a12c09fcfffcbd0bed007240eadd3fc251a982,778e7d784d59a4043958c24cc1918f8743f039ea32847aa9fef395bdd1b2f48c,0.003825500,0.082205868,0000
243,001a,0010,e3b0c44298fc1c149afbf4c8996fb92427ae41e4649b934ca495991b7852b855,5dc1c7fb1842cd59f0f433b20c1a6ff69ad1ab9f13640c5df0b30869fb12230e,fc378aecc7e6c024fbf43162ca1b6ce29a735c76dbe028be2d5e38de96e0ac8b,c5e536361221d6cc36d7fba4254a2e8a0a560ac6eb7c00cc979a4ab70faa3ae5,972f73882045ed27f2c061c49cca4a02ef3d64021746714086aab3fed96a53a0,26ec4021e615be5b2de99a82ec665446527db2d9c9735806e245848c74a6af0b,441e5fa79b0dfe183a2be2e2a604eff94a5bb0440b6b6f9f3799c978aeb6fae9,e42684df3ca6667ce3cb0cae0368b5de933d7dea2e53b1dc26b7ca39c0d16d0c,0.003810765,0.082214200,0000
244,001a,0010,e3b0c44298fc1c149afbf4c8996fb92427ae41e4649b934ca495991b7852b855,2e27d1faccc54650df60c66318da5e20565d5941cf540741f1590fc87e4e9dfc,d72dc67f192fc6ac9e4621147ce09cbdafa0d0c6b1ac170809a58d1a7776d57d,c5e536361221d6cc36d7fba4254a2e8a0a560ac6eb7c00cc979a4ab70faa3ae5,972f73882045ed27f2c061c49cca4a02ef3d64021746714086aab3fed96a53a0,26ec4021e615be5b2de99a82ec665446527db2d9c9735806e245848c74a6af0b,34514226df60cd63b567f26a66d795d0d99ecb37fe7af2b1231d33819d3f63b4,e1cff2b050cbb724c1155ddb054a8ee2d0db155696b14e2fdcb9e6d87d200845,0.003776405,0.082116264,0000
245,001a,0010,e3b0c44298fc1c149afbf4c8996fb92427ae41e4649b934ca495991b7852b855,a937f025fd45db87854a253609e89a102c4c4e250737f947a9511a35d41d5c88,7d3e873940441cd35828639d364f3bedd731adb6cf1dc482c40c2f5122606363,c5e536361221d6cc36d7fba4254a2e8a0a560ac6eb7c00cc979a4ab70faa3ae5,972f73882045ed27f2c061c49cca4a02ef3d64021746714086aab3fed96a53a0,26ec4021e615be5b2de99a82ec665446527db2d9c9735806e245848c74a6af0b,c43530dc16f189868587ef8eaa68881c586c3bdca6d5a46b4550924f22e1338a,22f7c96d321c48e25dcd70452f24256f63c8f63cadf4e803bfc934d4efe80e7b,0.003795749,0.082185100,0000
246,001a,0010,e3b0c44298fc1c149afbf4c8996fb92427ae41e4649b934ca495991b7852b855,b44d85d6373c05706398fb0493e25989a9cf1f3146e92c10e72e1b0ee636503a,b53883aed0526da4c9f2dcda7682f3080ec24ad63fb918ebaf68b3be829bfb61,c5e536361221d6cc36d7fba4254a2e8a0a560ac6eb7c00cc979a4ab70faa3ae5,972f73882045ed27f2c061c49cca4a02ef3d64021746714086aab3fed96a53a0,26ec4021e615be5b2de99a82ec665446527db2d9c9735806e245848c74a6af0b,ec7f911dddd6273148cb452f9746f53ffbce265c4fd4a983fdf740e410b39952,6a774c9ec6cadec34c1899d5024a92d4b67723ffa3958615c81755c8d3a4b185,0.003720360,0.082229556,0000
247,001a,0010,e3b0c44298fc1c149afbf4c8996fb92427ae41e4649b934ca495991b7852b855,052878e74f7dafacfd7f8b38a15e513e4405c17d8c8de3d7c34e8fa6dc6f047a,dafc8badfe229146639fb4b0a2dab40b92959f022a621712effb7173d1d82cc2,c5e536361221d6cc36d7fba4254a2e8a0a560ac6eb7c00cc979a4ab70faa3ae5,972f73882045ed27f2c061c49cca4a02ef3d64021746714086aab3fed96a53a0,26ec4021e615be5b2de99a82ec665446527db2d9c9735806e245848c74a6af0b,0d94ab35a40f39c125c5cb5ecc2b7bad092454d549342e4b6c50aebac80794e6,191c4b461d674315443135c7493a670a289fce6e1748a604b7b77d9e8d0e902d,0.003764198,0.082194784,0000
248,001a,0010,e3b0c44298fc1c149afbf4c8996fb92427ae41e4649b934ca495991b7852b855,e9efcdc526db8113ee3defc459f55bb2b4b60210fe0f82c86c41dbf471a6721c,6feac7bb8fcbb31a2d3c7ad4f6ebe8250bb2d89658654cdc73c5c0bd7070db5f,c5e536361221d6cc36d7fba4254a2e8a0a560ac6eb7c00cc979a4ab70faa3ae5,972f73882045ed27f2c061c49cca4a02ef3d64021746714086aab3fed96a53a0,26ec4021e615be5b2de99a82ec665446527db2d9c9735806e245848c74a6af0b,d1c1806985950eed1ec3151544d99235216916d997b6b8357a373ed96a1a5997,fbee86b8a594e80d2c7039f7002def0faba729b770609734dc3a11812914ecd4,0.003757006,0.082237015,0000
249,001a,0010,e3b0c44298fc1c149afbf4c8996fb92427ae41e4649b934ca495991b7852b855,1ac081aa9af7bc7ae15d5f985129038afbcf1230f23ef58cb80187c4931f11de,cc923a698e24a4f1146aaa3242b5b9b096f61059392d5a05fbddde89845bf16f,c5e536361221d6cc36d7fba4254a2e8a0a560ac6eb7c00cc979a4ab70faa3ae5,972f73882045ed27f2c061c49cca4a02ef3d64021746714086aab3fed96a53a0,26ec4021e615be5b2de99a82ec665446527db2d9c9735806e245848c74a6af0b,0e9b2846d24fcf2b795d9d9597e648a4cd0df6de17a70d9c842bef2c5f7ca509,c4f9b79cf5d510b934e04a57b10d22b6288dbdb4c788cf7ab71b372ac95631a6,0.003771901,0.082219583,0000
250,001a,0010,e3b0c44298fc1c149afbf4c8996fb92427ae41e4649b934ca495991b7852b855,9ed5870529bec76a4005f2742890b5ff00f2f5662f6ad61c89f5998c5c90afe5,dc2996001b8c3e0f41a5e61e8e7c304bd122121da5cff4b48ca85afc8b41e8c9,c5e536361221d6cc36d7fba4254a2e8a0a560ac6eb7c00cc979a4ab70faa3ae5,972f73882045ed27f2c061c49cca4a02ef3d64021746714086aab3fed96a53a0,26ec4021e615be5b2de99a82ec665446527db2d9c9735806e245848c74a6af0b,5d9e19f6ea869022345b5680a509f7ab97c872a2437d8c49b2bd21b3c2c0e3d6,55bb3d847ec8edc7e725a69846cf309104485822b4885f1f854630b6e9f1438b,0.003775234,0.082202571,0000
251,001a,0010,e3b0c44298fc1c149afbf4c8996fb92427ae41e4649b934ca495991b7852b855,1dd12fb5063acc5c068c0afc21ac1f3df6dcd1f9db4e994990315492cc38e540,fe706c00cc9fbad676d921bfedba43dec22d5200fcfd8581a786850492067ca9,c5e536361221d6cc36d7fba4254a2e8a0a560ac6eb7c00cc979a4ab70faa3ae5,972f73882045ed27f2c061c49cca4a02ef3d64021746714086aab3fed96a53a0,26ec4021e615be5b2de99a82ec665446527db2d9c9735806e245848c74a6af0b,ec1b9f31736fe9fb7aed039608c0c1c319765dd7cfb380046c2531a083613bfa,aaa49abadc68e0d48286ded699a6b505a616effe2cdf7e8099c9f1b948ad927a,0.003725572,0.082232398,0000
252,001a,0010,e3b0c44298fc1c149afbf4c8996fb92427ae41e4649b934ca495991b7852b855,3435440d2ef5b2a8eb70b0bb78e356e867f9a189cbcd36b40c190fe05d3d431d,2fb4bae7809e711409d724ef7160b77d1fb4ac5c5330632f8400cfd6daf67e2c,c5e536361221d6cc36d7fba4254a2e8a0a560ac6eb7c00cc979a4ab70faa3ae5,972f73882045ed27f2c061c49cca4a02ef3d64021746714086aab3fed96a53a0,26ec4021e615be5b2de99a82ec665446527db2d9c9735806e245848c74a6af0b,ed18861ad877a5f78bb8ef84e93bbc0d22dc59e47fc4f342bcde38b46c42a14f,46bc498e82d81841504edee8b90821a3b5a5f47fe1fb7867220f61c6c47262d1,0.003786349,0.082209692,0000
253,001a,0010,e3b0c44298fc1c149afbf4c8996fb92427ae41e4649b934ca495991b7852b855,9710545ff1810999c2517e413aa2c5b298e17fe69e8c969ac96ed9ff4daf0e56,7a010b42818691ed7edd2c5ef7abfabddcaaa0d8cfc373e9d2824bf526e0a077,c5e536361221d6cc36d7fba4254a2e8a0a560ac6eb7c00cc979a4ab70faa3ae5,972f73882045ed27f2c061c49cca4a02ef3d64021746714086aab3fed96a53a0,26ec4021e615be5b2de99a82ec665446527db2d9c9735806e245848c74a6af0b,63c2af5da678d11512effdb33d039d48c738b87011bad63ff90cb05ef33227bd,3d115dfd725936458deb2f10421da116f7758515afeffc6d4f05074f8a063196,0.003794168,0.082184800,0000
254,001a,0010,e3b0c44298fc1c149afbf4c8996fb92427ae41e4649b934ca495991b7852b855,170e6b38c037d59cd09d8e0b662afe073922790e51f25e493acc39a45d0a22df,8e92a3173be3cc06dd2ac199b61618f6020d0164b57d8bef2c47d88a3afdfc92,c5e536361221d6cc36d7fba4254a2e8a0a560ac6eb7c00cc979a4ab70faa3ae5,972f73882045ed27f2c061c49cca4a02ef3d64021746714086aab3fed96a53a0,26ec4021e615be5b2de99a82ec665446527db2d9c9735806e245848c74a6af0b,8642a473cbee7b6ce78ee400c9d9a2461cf045a16e7eeb4a33f56b5d5e684abf,92f70630f80c4f290aa8aeff2eb449484732742512dcf4587fe728163551bb2b,0.003766127,0.082200245,0000
255,001a,0010,e3b0c44298fc1c149afbf4c8996fb92427ae41e4649b934ca495991b7852b855,878d037168314ee7be0704926f7c6220c2c9510996a2311a07be2a05a3bc5f5a,1cd6b1b9fee6e8713c9a862a4c32068b743340f7be66ca7c2235aa92495950cf,c5e536361221d6cc36d7fba4254a2e8a0a560ac6eb7c00cc979a4ab70faa3ae5,972f73882045ed27f2c061c49cca4a02ef3d64021746714086aab3fed96a53a0,26ec4021e615be5b2de99a82ec665446527db2d9c9735806e245848c74a6af0b,0e56c6cc5c97cdf65a4a8cc0283eed3cf15c162f2381ca851b0d91b3898ebd24,dcb3fa91bde44218af05ce366fa4a55c5895874c8a4296115593c13e5a182d94,0.003783625,0.082198541,0000
256,001a,0010,e3b0c44298fc1c149afbf4c8996fb92427ae41e4649b934ca495991b7852b855,4dc96d13fa3af9b7bbafe7e571ce2f8a09f19a7dccc12a3dd5bfdaa3ef854c68,7325f1dc9d274ced1a009dda9e8b4fea9073692e61e4e6a113cde80ec25f34d0,c5e536361221d6cc36d7fba4254a2e8a0a560ac6eb7c00cc979a4ab70faa3ae5,972f73882045ed27f2c061c49cca4a02ef3d64021746714086aab3fed96a53a0,26ec4021e615be5b2de99a82ec665446527db2d9c9735806e245848c74a6af0b,cbf4ce4a0c766ff0b7fef5dbf3a2d4200b9c44c62546ffd2df7fa2e431bb6f16,3e77bfbd436eaccb10063195a99d8a99568ceb6188fafd02a14d80d8dbf74393,0.003779485,0.082195408,0000
257,001a,0010,e3b0c44298fc1c149afbf4c8996fb92427ae41e4649b934ca495991b7852b855,7633785eb4156759ce41300d8f0137d8c7ba31585d03ad2be74afcc337e019d4,ebeb63bb6f64b6392937d71b6652e8921714090121f5dc1906a2ea2272d955ca,c5e536361221d6cc36d7fba4254a2e8a0a560ac6eb7c00cc979a4ab70faa3ae5,972f73882045ed27f2c061c49cca4a02ef3d64021746714086aab3fed96a53a0,26ec4021e615be5b2de99a82ec665446527db2d9c9735806e245848c74a6af0b,6aef48d2ca51bf20e6a8f8f2c5e67c409203cd3ec94583adfc556c0ee7eccdea,7ff8ef80a5e0ac9838cab7d753f97bbdff76f1d548970d84d63514dd7eaccbcd,0.003734516,0.082225744,0000
258,001a,0010,e3b0c44298fc1c149afbf4c8996fb92427ae41e4649b934ca495991b7852b855,0c2f399fb9d1a2f76584eb7399d1d65825cccb88cec62440c310d1fb94621a1b,985f3aaeb94c6101edc7bd17599e4a42785c5daa5fe31187745a2bf8f82a13c7,c5e536361221d6cc36d7fba4254a2e8a0a560ac6eb7c00cc979a4ab70faa3ae5,972f73882045ed27f2c061c49cca4a02ef3d64021746714086aab3fed96a53a0,26ec4021e615be5b2de99a82ec665446527db2d9c9735806e245848c74a6af0b,14ef2f71fd4ca450292ddf017b51c1e097d0cd6d80764230f56a07a30d150ab1,a5d091029bf7d6e61ca9a60e07d142eae20b8b8958fb8affecb7df01317f1f00,0.003743738,0.082202875,0000
259,001a,0010,e3b0c44298fc1c149afbf4c8996fb92427ae41e4649b934ca495991b7852b855,192e21ba2d5f6f9020619e8bfdcb51753abbb289d3a48e4041432b452f6ffd8f,3eb1f3cc6370a7088e96f1baf6b35cd407969e0775a26ecff5b06022a6c20d35,c5e536361221d6cc36d7fba4254a2e8a0a560ac6eb7c00cc979a4ab70faa3ae5,972f73882045ed27f2c061c49cca4a02ef3d64021746714086aab3fed96a53a0,26ec4021e615be5b2de99a82ec665446527db2d9c9735806e245848c74a6af0b,97b42c230e30151314bfa0a35e03de21581f8cd89dd8e14c7083e5dd2094fe1f,b691649471f16ffca29dd83b65e57bf962c29cec9a4dd99fdb3b00b5ad8d3e31,0.003772272,0.082250035,0000
260,001a,0010,e3b0c44298fc1c149afbf4c8996fb92427ae41e4649b934ca495991b7852b855,680378e2f886a7f7e3880e3ccf0cef3761c5009a75f749ffa499f493d5a9fa53,0edeede783e2ea9379a3abed9c8f4b209c97489ffae320378ec7d257a2414c60,c5e536361221d6cc36d7fba4254a2e8a0a560ac6eb7c00cc979a4ab70faa3ae5,972f73882045ed27f2c061c49cca4a02ef3d64021746714086aab3fed96a53a0,26ec4021e615be5b2de99a82ec665446527db2d9c9735806e245848c74a6af0b,040918208a1f2431e5e7f50473b98a788c0b1748b4c2a0243495c4cc9beacc3c,84f93d4696969799ca4f4bfbba7aa7e59e5ac5cb001a55fa39222c75a4040477,0.003796120,0.082178017,0000
261,001a,0010,e3b0c44298fc1c149afbf4c8996fb92427ae41e4649b934ca495991b7852b855,35be80e4b267bd137f172002086d3321eb362bcaab7b69fc7b31818759ef1209,57f1c03cacf16abc6eebb406f8bc73e935debb9395e742d72d2679f347fdfb3d,c5e536361221d6cc36d7fba4254a2e8a0a560ac6eb7c00cc979a4ab70faa3ae5,972f73882045ed27f2c061c49cca4a02ef3d64021746714086aab3fed96a53a0,26ec4021e615be5b2de99a82ec665446527db2d9c9735806e245848c74a6af0b,40e647a0db04f5e43fc6948dc165b238b9edadf6dea3067d5557da72dace1274,84ba95c21d4b2fc7c7d0b6ac204a17e72b74bf399835179e75bc00aecdd8eba0,0.003616114,0.082212708,0000
262,001a,0010,e3b0c44298fc1c149afbf4c8996fb92427ae41e4649b934ca495991b7852b855,dbbcd0c0725c3225dc6e60e6e8625386e63490cf15df42fbcd777592accb74be,73ad201e01ece168a53634f51d46f22c081c934fc3b6fc178b62dddf68979ffc,c5e536361221d6cc36d7fba4254a2e8a0a560ac6eb7c00cc979a4ab70faa3ae5,972f73882045ed27f2c061c49cca4a02ef3d64021746714086aab3fed96a53a0,26ec4021e615be5b2de99a82ec665446527db2d9c9735806e245848c74a6af0b,ee5f633ea861180d2ec0596b041e32f0d4077f338be4c4c0068b434f78a140ae,162a5460ae782f97321a9d229a256fe6b1f4c5f8a9f69681364e1ab77785cea1,0.003765324,0.082351279,0000
263,001a,0010,e3b0c44298fc1c149afbf4c8996fb92427ae41e4649b934ca495991b7852b855,b5b016d3ef563db441553c4aa122917f23732be0e1391e7181472e252fc897af,2602f5e971230798efae4657c443d970e4eef7f6a50a99a5dc9787b652afbad8,c5e536361221d6cc36d7fba4254a2e8a0a560ac6eb7c00cc979a4ab70faa3ae5,972f73882045ed27f2c061c49cca4a02ef3d64021746714086aab3fed96a53a0,26ec4021e615be5b2de99a82ec665446527db2d9c9735806e245848c74a6af0b,c0d99414cb6655aca2802c1343403edfa1f327840fa2e0e733e8ffdd2f9fca48,96f0555b7d4756e58011cd4c19d65404bd5f5e4f353194d87b436f44fa2a0758,0.003797757,0.082182773,0000
264,001a,0010,e3b0c44298fc1c149afbf4c8996fb92427ae41e4649b934ca495991b7852b855,c1e12cb0e8807222023804363af8af8b19962fdc5a570b453bfa475b4df857a6,36f43238c47640395394f2603f745181a92616ed3030cc0e0d8aebeb7d21116d,c5e536361221d6cc36d7fba4254a2e8a0a560ac6eb7c00cc979a4ab70faa3ae5,972f73882045ed27f2c061c49cca4a02ef3d64021746714086aab3fed96a53a0,26ec4021e615be5b2de99a82ec665446527db2d9c9735806e245848c74a6af0b,c534a698c918ff692717b7ee8f4f88f2d599c24104b3043eedf92d7bf08373db,ddf103460d53bb58f381c024546f2d9afc7d18243688d704db37fd95bd0a7aae,0.003726110,0.082247758,0000
265,001a,0010,e3b0c44298fc1c149afbf4c8996fb92427ae41e4649b934ca495991b7852b855,b07c155834c3c6dbe526c01ca0a5a39e502cf321b30ff9317372c4d6d393f416,367d064a9ddd9acfd7b7f62da9d450d28d2a8651cada71cbfdb2b90c148ebb4d,c5e536361221d6cc36d7fba4254a2e8a0a560ac6eb7c00cc979a4ab70faa3ae5,972f73882045ed27f2c061c49cca4a02ef3d64021746714086aab3fed96a53a0,26ec4021e615be5b2de99a82ec665446527db2d9c9735806e245848c74a6af0b,36ab434c618e492b5b7b87c76b5420b188f3eef01e5f2e23d4648f0e8862f9b2,21a2486655210071931155af52a16501c960ada64fbec1c20508a7e305e26b41,0.003772011,0.082213030,0000
266,001a,0010,e3b0c44298fc1c149afbf4c8996fb92427ae41e4649b934ca495991b7852b855,15259148ae01070830f5fb0f5423d816c966626faf5f22da4b11d5b5c9da4df2,e18929f1e83eb64ba69fc2ef3e8abd91a838b569d56cde1c760a08c7fd0a033d,c5e536361221d6cc36d7fba4254a2e8a0a560ac6eb7c00cc979a4ab70faa3ae5,972f73882045ed27f2c061c49cca4a02ef3d64021746714086aab3fed96a53a0,26ec4021e615be5b2de99a82ec665446527db2d9c9735806e245848c74a6af0b,e15862d9437d5358d39a381cc79f78db474d556419b1e34c2ca7a7c935c05748,8bfbdc3c68bb67b1b4304aae9d3789941ce4b27c5809f8d1980cba2fdd81a4ab,0.003801931,0.082225255,0000
267,001a,0010,e3b0c44298fc1c149afbf4c8996fb92427ae41e4649b934ca495991b7852b855,9a6b731f784d9d60497a01b2d119127686e794eb0922ce198b5620ed5fc1e459,d28648478feb49fd6f206c8fb5b3a01176208dfc4d61661282772655d524bdbe,c5e536361221d6cc36d7fba4254a2e8a0a560ac6eb7c00cc979a4ab70faa3ae5,972f73882045ed27f2c061c49cca4a02ef3d64021746714086aab3fed96a53a0,26ec4021e615be5b2de99a82ec665446527db2d9c9735806e245848c74a6af0b,38868f96dd4fa692ea88be23916e2ef178775d0b2fce38731021a911e7e5bedb,64ea07b4397f8a27cbc1ef9d5e51a90e9bfede05e12c38182d6f9c2bcfe678d2,0.003758542,0.082137890,0000
268,001a,0010,e3b0c44298fc1c149afbf4c8996fb92427ae41e4649b934ca495991b7852b855,465c8652650b34ddd67f693f0ee4fd09a8a8caa7e4e410b097cc84a39e0bddfe,58602f45d3b8f563c87d0042e207faf821dcb503cadcac0f877fe54501df89e9,c5e536361221d6cc36d7fba4254a2e8a0a560ac6eb7c00cc979a4ab70faa3ae5,972f73882045ed27f2c061c49cca4a02ef3d64021746714086aab3fed96a53a0,26ec4021e615be5b2de99a82ec665446527db2d9c9735806e245848c74a6af0b,79226bd705e41fd939d73bb95bc2c922e91394b7c8ef1ddf347b339d1d02bd01,fa67b6f27b6d2a2c595270443e25f40fdef91970f0e291f0a10bc67c522d54df,0.003796192,0.082213163,0000
269,001a,0010,e3b0c44298fc1c149afbf4c8996fb92427ae41e4649b934ca495991b7852b855,035ff85cf8f940dff1fd85b284a1ff072ba24aeda864c10323e882a426aa9a53,6dc82501ab8ecabb1e6733c2d3f971f7bd356d5c25d1fab6b7b3e539817e3e23,c5e536361221d6cc36d7fba4254a2e8a0a560ac6eb7c00cc979a4ab70faa3ae5,972f73882045ed27f2c061c49cca4a02ef3d64021746714086aab3fed96a53a0,26ec4021e615be5b2de99a82ec665446527db2d9c9735806e245848c74a6af0b,82dc67f8a301bf68e5bedfb41d25b0bde9c5b7eb7c9fa02f3b32c2b4c66c049a,313888b0bb9119d42b174a057b14f9519138fbe3aa5d4b8e72031be2f84b42d6,0.003729053,0.082222689,0000
270,001a,0010,e3b0c44298fc1c149afbf4c8996fb92427ae41e4649b934ca495991b7852b855,24cdef5ce016d4f2ccb9d22613da44de0850f40d11bef40b3d2f6783323263c6,ca06f8660e65ab5020212d6831178cac33c08f8ac87ef4b84824318b7a189d7d,c5e536361221d6cc36d7fba4254a2e8a0a560ac6eb7c00cc979a4ab70faa3ae5,972f73882045ed27f2c061c49cca4a02ef3d64021746714086aab3fed96a53a0,26ec4021e615be5b2de99a82ec665446527db2d9c9735806e245848c74a6af0b,0192f7d1fa2502074dc847d207182363b06622161a92c3dea327815184b8b6dc,302fe9776149b91cb234f27b54b9127056d959d7ac8d593bc83d83da4c56d2c1,0.003759302,0.082229462,0000
271,001a,0010,e3b0c44298fc1c149afbf4c8996fb92427ae41e4649b934ca495991b7852b855,206d020ba453e615ac24b62b1a27ca3be8f42baef7446c260d21265a1a652ef3,bf65e6608cd4c3871e65d2d9a958a92ac3a9eef9372ab7b2794d9b18efa63c49,c5e536361221d6cc36d7fba4254a2e8a0a560ac6eb7c00cc979a4ab70faa3ae5,972f73882045ed27f2c061c49cca4a02ef3d64021746714086aab3fed96a53a0,26ec4021e615be5b2de99a82ec665446527db2d9c9735806e245848c74a6af0b,e021ec7009819cd104a4e062f23b2968bff3c0a5aec8911c1cbf9c1c86c6a020,3aeb0655a3c0371abf41a211a3c5eb0a973c1150790784af65f1476446a64e6d,0.003786104,0.082195923,0000
272,001a,0010,e3b0c44298fc1c149afbf4c8996fb92427ae41e4649b934ca495991b7852b855,dacacc7d6d844d03873fc706788aee83cdbd4c8f13d396bbe8b6857ad6b104ce,6d334173dbd3f009b4f1cb76bb835b25736462b9eb7b01b3716becc71073db36,c5e536361221d6cc36d7fba4254a2e8a0a560ac6eb7c00cc979a4ab70faa3ae5,972f73882045ed27f2c061c49cca4a02ef3d64021746714086aab3fed96a53a0,26ec4021e615be5b2de99a82ec665446527db2d9c9735806e245848c74a6af0b,31fa7d531861b08811ea40369b0d0647a7c8fc5e8c24e96f2b43503d80defec8,f2513b0410afcfc80a40792bbf7485336531b4ece49e55c0d4eba4dc2b0a6626,0.003753404,0.082208286,0000
273,001a,0010,e3b0c44298fc1c149afbf4c8996fb92427ae41e4649b934ca495991b7852b855,af997438b5758fb28d3f20d5d0ab91b28a4710f664c7cc83125ea1b2d477f17c,97a8b1a95a62a4b230820a8671c63e6105cd4e0728e1ec1f05582ac4a47ed1bb,c5e536361221d6cc36d7fba4254a2e8a0a560ac6eb7c00cc979a4ab70faa3ae5,972f73882045ed27f2c061c49cca4a02ef3d64021746714086aab3fed96a53a0,26ec4021e615be5b2de99a82ec665446527db2d9c9735806e245848c74a6af0b,b8afb40106686defc1c824de5afef837b0149b20f9a0c70ed7dee83a57297e59,fe4611d6096d2456ddd9d7ffdc39ed108528af0890facb0342d688d50bec1979,0.003799776,0.082194416,0000
274,001a,0010,e3b0c44298fc1c149afbf4c8996fb92427ae41e4649b934ca495991b7852b855,c6b6d9d3fcf867b93e1218a67b2c78af7cf5cd9a9d3c28099bb6c9ef589d1d39,5ba615a6dc39a1841b4bf1b5f4d32003edb90c8ae9fe0f957a1473a130495e92,c5e536361221d6cc36d7fba4254a2e8a0a560ac6eb7c00cc979a4ab70faa3ae5,972f73882045ed27f2c061c49cca4a02ef3d64021746714086aab3fed96a53a0,26ec4021e615be5b2de99a82ec665446527db2d9c9735806e245848c74a6af0b,49c29dbe9c27b3c7c92e86e17bb74a8d65bcf41c279dd7c8a0c6e8972cf6e808,17194968bf9ef1ec5432a304d178cf43dc17f4d2a87aba44a16d65ecae64f46f,0.003742748,0.082171657,0000
275,001a,0010,e3b0c44298fc1c149afbf4c8996fb92427ae41e4649b934ca495991b7852b855,f8dbf495052b8dd5cd6ee66612829560e76ad14df8abe1ae273f009257469ed7,7d40056698473af42f9a3f3944dfbb1c4280d7424385e5066612fdef57738deb,c5e536361221d6cc36d7fba4254a2e8a0a560ac6eb7c00cc979a4ab70faa3ae5,972f73882045ed27f2c061c49cca4a02ef3d64021746714086aab3fed96a53a0,26ec4021e615be5b2de99a82ec665446527db2d9c9735806e245848c74a6af0b,ec491221187dee794669a56d9e9ade9911a9004b4eb9b567122fbf77324aff4d,a5fdb7d2ceaf55dd6540c629a1aa27773b1211c4448edafaf4f919b9aa3ad0f3,0.003767190,0.082242346,0000
276,001a,0010,e3b0c44298fc1c149afbf4c8996fb92427ae41e4649b934ca495991b7852b855,41f352bbc2b30adf0ca9432a825fb82fff1ec2c6dae1acde2da3d477a2c36a48,596ae7961aaa3eefc447cb8d9ba0e50dcbc3c6e9d28becf9e66de7364a9c6c83,c5e536361221d6cc36d7fba4254a2e8a0a560ac6eb7c00cc979a4ab70faa3ae5,972f73882045ed27f2c061c49cca4a02ef3d64021746714086aab3fed96a53a0,26ec4021e615be5b2de99a82ec665446527db2d9c9735806e245848c74a6af0b,cbe33821e4c45a547128da7e061166ee2866fb39da6f2a49a36dff76b7863bb5,c2cb8a6115be89e7ea4863e2f5d96ace6d6de4194e7b44b16a44140fc5176139,0.003775031,0.082222030,0000
277,001a,0010,e3b0c44298fc1c149afbf4c8996fb92427ae41e4649b934ca495991b7852b855,5fd3cd977c89fb9d6fcc38028c59d969540ad42c01a40f1a1470ccf6eb474292,f21c6f96092fb5c85c7196a09d4dc2a814e722c06b3c4a4f9c0dfd084bf5d8af,c5e536361221d6cc36d7fba4254a2e8a0a560ac6eb7c00cc979a4ab70faa3ae5,972f73882045ed27f2c061c49cca4a02ef3d64021746714086aab3fed96a53a0,26ec4021e615be5b2de99a82ec665446527db2d9c9735806e245848c74a6af0b,09f4f8f2c80e2cdadc38804113dc076d9600a443851a501564d265335df4cb38,71aaa69160fbd54316799f3badae60588fa7046559add55e35f7118c71c5f649,0.003744743,0.082182730,0000
278,001a,0010,e3b0c44298fc1c149afbf4c8996fb92427ae41e4649b934ca495991b7852b855,7549b84cdc43ff47bff2b6dad9cff5c112eae47e5a1fdc20b80533894759a809,023f9612a7fea1bc536b6b90335457418b7525d99e480e13c1ab6779c61c51f4,c5e536361221d6cc36d7fba4254a2e8a0a560ac6eb7c00cc979a4ab70faa3ae5,972f73882045ed27f2c061c49cca4a02ef3d64021746714086aab3fed96a53a0,26ec4021e615be5b2de99a82ec665446527db2d9c9735806e245848c74a6af0b,6d9328e51a573cce724683e8d32d8de3fc4d485feadf55274593700f9fc8decb,375f08b6298033576d961c5d1828e1c07edc64cb5e26f260d627e93cf3febf92,0.003768805,0.082247143,0000
279,001a,0010,e3b0c44298fc1c149afbf4c8996fb92427ae41e4649b934ca495991b7852b855,dfcb67cdc8cd018ad79d31f8cea4b8df95605eb0bbec3bdba226c5c02196c9af,2e949bedf3d9b6363b3cc70f7be655d75ab15cf08a1417ed9a1b794511cd519c,c5e536361221d6cc36d7fba4254a2e8a0a560ac6eb7c00cc979a4ab70faa3ae5,972f73882045ed27f2c061c49cca4a02ef3d64021746714086aab3fed96a53a0,26ec4021e615be5b2de99a82ec665446527db2d9c9735806e245848c74a6af0b,de3fdcdbc95e3ab3ed2bf5b4a434d3d663bd56b2970a45e3d0e79c6026efc444,4d7252917a2488a401d407087d3b1abb20782c1062d9e1d38c7092eec59bb525,0.003750849,0.082182442,0000
280,001a,0010,e3b0c44298fc1c149afbf4c8996fb92427ae41e4649b934ca495991b7852b855,500d63d52c1ee1315a067ae8d0715f0e04eb7046581f65c7899d625d8a849647,0ecdb8512384af9163d39f7b68ee9143d45725e3ec46d4c87d5e9d94125877e5,c5e536361221d6cc36d7fba4254a2e8a0a560ac6eb7c00cc979a4ab70faa3ae5,972f73882045ed27f2c061c49cca4a02ef3d64021746714086aab3fed96a53a0,26ec4021e615be5b2de99a82ec665446527db2d9c9735806e245848c74a6af0b,d1de00b9a06bb50fb6de409d85fc45cf951da8e6dbc9f34ae9ca89601b625ada,1c4c4dadb571c716d19d1152e7653ae7d975f883595dec17e185aab9a720858f,0.003783822,0.082244771,0000
281,001a,0010,e3b0c44298fc1c149afbf4c8996fb92427ae41e4649b934ca495991b7852b855,d1a716e605291e877fca2472516a32fffbe567b6819bea5b2eddc01015bff2c1,c5b263c10e248a444d1d44ae1f150b22a2a8be39d9dd19d5f960f36444a3f6c2,c5e536361221d6cc36d7fba4254a2e8a0a560ac6eb7c00cc979a4ab70faa3ae5,972f73882045ed27f2c061c49cca4a02ef3d64021746714086aab3fed96a53a0,26ec4021e615be5b2de99a82ec665446527db2d9c9735806e245848c74a6af0b,9199c39316264cae9bba5455dc6163f7f5e28886ee9a4262ab078154a0e5bc81,3a54af43ba7c13bf37477649eb4ccfc16b839b0fa5c572d8e810678e2a64e656,0.003774899,0.082185946,0000
282,001a,0010,e3b0c44298fc1c149afbf4c8996fb92427ae41e4649b934ca495991b7852b855,1118281016d3a915682febf1e57a63e6382bbfc882f7d9f89183d815e72c7b13,0c42baf1600021b1c84202f9809221486a7b2eff53daea863d068e00174ccdbe,c5e536361221d6cc36d7fba4254a2e8a0a560ac6eb7c00cc979a4ab70faa3ae5,972f73882045ed27f2c061c49cca4a02ef3d64021746714086aab3fed96a53a0,26ec4021e615be5b2de99a82ec665446527db2d9c9735806e245848c74a6af0b,9b375409de78ca40a27437fb9269f9663870165bb617a4a54eb0ea81b94e022a,6af9748711893ceb166c6736113e600b7ade22063c9b4de4cf6e0fe566e1bc5c,0.003807625,0.082240160,0000
283,001a,0010,e3b0c44298fc1c149afbf4c8996fb92427ae41e4649b934ca495991b7852b855,0c538d8f1138d1ad08593982eb4feae5a2e10a0ea9024fca321d6e12a8e8fecc,cc9e0f7cbf0e8ec3aa139de9d9ead95bec4cbaa56c27904d92c65f558bcce7cf,c5e536361221d6cc36d7fba4254a2e8a0a560ac6eb7c00cc979a4ab70faa3ae5,972f73882045ed27f2c061c49cca4a02ef3d64021746714086aab3fed96a53a0,26ec4021e615be5b2de99a82ec665446527db2d9c9735806e245848c74a6af0b,ab9ad216a0e8e1b1b993dde9eeddee04d2794c4787569c15e101be72a32a48e7,5614d6984c18a561bf585f91a8c5daee58ec0a10fbbc970d6fcf0acf5feb4551,0.003767469,0.082147815,0000
284,001a,0010,e3b0c44298fc1c149afbf4c8996fb92427ae41e4649b934ca495991b7852b855,655d7ca6b9912e6a7da6a5611aec026aaa1e015f77f1ae37164149f7b0a79eb6,99c8638cd745795fbcf020703c0387e2a0803eebf2c73b5344e87911fecf8840,c5e536361221d6cc36d7fba4254a2e8a0a560ac6eb7c00cc979a4ab70faa3ae5,972f73882045ed27f2c061c49cca4a02ef3d64021746714086aab3fed96a53a0,26ec4021e615be5b2de99a82ec665446527db2d9c9735806e245848c74a6af0b,f96141b2d76030e18b5fa8f21169a7ffdeb6016bb25a436f2707f739a3edd721,5d798119fcb51fabb8deb013f78e38911974b2406c983043057adf36d5197ca2,0.003783451,0.082191906,0000
285,001a,0010,e3b0c44298fc1c149afbf4c8996fb92427ae41e4649b934ca495991b7852b855,3fe52b5489465f4450d5c3c852440df201c65f7c463492f746e7ba2502bc32d8,726278dc3414e73dc4e22ad60cbfab2209768a04c4029bc86c3e611be501ddf7,c5e536361221d6cc36d7fba4254a2e8a0a560ac6eb7c00cc979a4ab70faa3ae5,972f73882045ed27f2c061c49cca4a02ef3d64021746714086aab3fed96a53a0,26ec4021e615be5b2de99a82ec665446527db2d9c9735806e245848c74a6af0b,2e1531090a38c688bd9d7b891061ae268f44a4c4dde0513202d7330615dd4a5d,608ac3266490aeb60964f7e8edd72fa6d2ea3764b49080f49fbeafa0181b7aeb,0.003762119,0.082188608,0000
286,001a,0010,e3b0c44298fc1c149afbf4c8996fb92427ae41e4649b934ca495991b7852b855,7ea4476f125fc83296ce8f30a1976965e2c8e4645840e858c4597081febfb268,bd297a5a8b67cb94720a947be0db5981bb6f2cbb3040950228268a727097b4fa,c5e536361221d6cc36d7fba4254a2e8a0a560ac6eb7c00cc979a4ab70faa3ae5,972f73882045ed27f2c061c49cca4a02ef3d64021746714086aab3fed96a53a0,26ec4021e615be5b2de99a82ec665446527db2d9c9735806e245848c74a6af0b,53eb3bff663a0ac0d433e38474cd5c060840eee1a4ec6763a030c424c4f4ffca,c62d7df8c6136d42907d491f3a857daabbc6db1c7c35f2106926edb4c1f2b025,0.003795871,0.082198937,0000
287,001a,0010,e3b0c44298fc1c149afbf4c8996fb92427ae41e4649b934ca495991b7852b855,5463d0d11ee8d082a838577a387e5db421bc29c68b890209d4880d700cc4da06,d566cab562d068b181b444cda528f8fe467f60f66e0f04b09c90cd4141794ab7,c5e536361221d6cc36d7fba4254a2e8a0a560ac6eb7c00cc979a4ab70faa3ae5,972f73882045ed27f2c061c49cca4a02ef3d64021746714086aab3fed96a53a0,26ec4021e615be5b2de99a82ec665446527db2d9c9735806e245848c74a6af0b,3762fb3fc63bfe737e7d99fe1364912e7177ae5712da87dd70b7e253fd49e0e4,a7b1abe3f7187c5acf92584ee87129a374cd32e43664925e5ea02e63fb62fc5e,0.003777787,0.082186567,0000
288,001a,0010,e3b0c44298fc1c149afbf4c8996fb92427ae41e4649b934ca495991b7852b855,e1bd972c38cca72babe1fc09daa39e6c5cfbb6defaf2fbf9765a36c1275cbdea,9bcde8e3889cdba849abc214c3b245136575209a9bf210b91cb57031a8dc42f1,c5e536361221d6cc36d7fba4254a2e8a0a560ac6eb7c00cc979a4ab70faa3ae5,972f73882045ed27f2c061c49cca4a02ef3d64021746714086aab3fed96a53a0,26ec4021e615be5b2de99a82ec665446527db2d9c9735806e245848c74a6af0b,c46bf599440dd635bd87fcb2acada791869b1382c4b6ab3b1ada89e3f0465cf4,b7dde66f2712ab37e1e1c1664a08d2b7047ab632f902a79382790147935811d0,0.003739169,0.082203661,0000
289,001a,0010,e3b0c44298fc1c149afbf4c8996fb92427ae41e4649b934ca495991b7852b855,6f811e8120f8a463c5941a21fbc5c990b9f07e89266a8f228aa18a86df2193a7,6a584ecc9441055ec4cd09692bb927b5dfd28daece519427e9ae8617b58cee58,c5e536361221d6cc36d7fba4254a2e8a0a560ac6eb7c00cc979a4ab70faa3ae5,972f73882045ed27f2c061c49cca4a02ef3d64021746714086aab3fed96a53a0,26ec4021e615be5b2de99a82ec665446527db2d9c9735806e245848c74a6af0b,f30c5447b4f00f4beec65d64b48d50c4af8cda8896e305455ba10a485e81d4a0,e05bcd69338389937b10a5e9ddbc22ce746501c1a592df7a4db91f26360c5efb,0.003768101,0.082223564,0000
290,001a,0010,e3b0c44298fc1c149afbf4c8996fb92427ae41e4649b934ca495991b7852b855,9bd84acca2c16b0fbde02c68d8bf98e2955aa3dae8ce6a5833d7f643b57cd049,c686f251a7f65792bfd94806b85e452689f424988655d36d4c3f6ab1c1673a2a,c5e536361221d6cc36d7fba4254a2e8a0a560ac6eb7c00cc979a4ab70faa3ae5,972f73882045ed27f2c061c49cca4a02ef3d64021746714086aab3fed96a53a0,26ec4021e615be5b2de99a82ec665446527db2d9c9735806e245848c74a6af0b,46662ace816954fb96f4ce6a1a3ea9412b16e2f8300e27ee3f82ec3543c3a695,a8be9f39e867cffae1db613886bfc0ab8e07a524dab00205cc72b6c7288fabff,0.003756784,0.082240840,0000
291,001a,0010,e3b0c44298fc1c149afbf4c8996fb92427ae41e4649b934ca495991b7852b855,735dbbc6008cd651c37c68743d68483e92a19a9259a94a665beaa9926b758ce0,7ce7ff97bcc442b4842caebcd619eff17ba9bc7773cb652918e0a9a5ccf567c2,c5e536361221d6cc36d7fba4254a2e8a0a560ac6eb7c00cc979a4ab70faa3ae5,972f73882045ed27f2c061c49cca4a02ef3d64021746714086aab3fed96a53a0,26ec4021e615be5b2de99a82ec665446527db2d9c9735806e245848c74a6af0b,4832e76c0ca5936fb2abe670086f327c8ccb979bc80654351664de793f8fe609,b879a31e0ea34a4a28c1081f7ca468a2c7a185cd76f0c369d5a299a8794e22b2,0.003797402,0.082180288,0000
292,001a,0010,e3b0c44298fc1c149afbf4c8996fb92427ae41e4649b934ca495991b7852b855,89dbe5ba40b3c0e4a5eb2fcbd79a7ef6293596f451ff9823204a4be15139637c,6c6ef60667a32ea1eba216bdd7fae0874c8370da6b2eafd8654af9700c72db79,c5e536361221d6cc36d7fba4254a2e8a0a560ac6eb7c00cc979a4ab70faa3ae5,972f73882045ed27f2c061c49cca4a02ef3d64021746714086aab3fed96a53a0,26ec4021e615be5b2de99a82ec665446527db2d9c9735806e245848c74a6af0b,86b9717bb94fcc78228c3067ad1f0e8fca1f0e436598a3d7e262f3fee91537f3,0982ba1c064d0c692e056cb683c4cac4048d9c61ae175c576d1317a3bb6d6084,0.003781590,0.082195245,0000
293,001a,0010,e3b0c44298fc1c149afbf4c8996fb92427ae41e4649b934ca495991b7852b855,df7fee5cdb0f345b739c666b0ab6872694c972c2bcc38de25e2faea8880a6343,386e25dccda87af6e212219ac8b2495789664e0faa172384d58ae5614113f8aa,c5e536361221d6cc36d7fba4254a2e8a0a560ac6eb7c00cc979a4ab70faa3ae5,972f73882045ed27f2c061c49cca4a02ef3d64021746714086aab3fed96a53a0,26ec4021e615be5b2de99a82ec665446527db2d9c9735806e245848c74a6af0b,b32365d85fd2469329c96f4e91ec343a8c9d61caec83733c582255fe7e45e2de,f9ea3d8aca5749e90314c979225de150835599113ccb8391e5d55e32be8e088c,0.003569712,0.082191195,0000
294,001a,0010,e3b0c44298fc1c149afbf4c8996fb92427ae41e4649b934ca495991b7852b855,7ce0e4f4d65b252d7d224c62e8f7fae8aebb346fb567a7d3c209661a90f5c7bd,a4fd85880467fcbae68e86ea4558417d0db0ec87f6e2c32c220defab8852f77d,c5e536361221d6cc36d7fba4254a2e8a0a560ac6eb7c00cc979a4ab70faa3ae5,972f73882045ed27f2c061c49cca4a02ef3d64021746714086aab3fed96a53a0,26ec4021e615be5b2de99a82ec665446527db2d9c9735806e245848c74a6af0b,f48c8bf6dfbb2c01648a44655da2ff8841c8c6bd01fcc653d49f1eec8a679dd3,a0125997753261e581a4297ec92575b02869fa1d4837ea815c6c0d4fa222a3ec,0.003799662,0.082390570,0000
295,001a,0010,e3b0c44298fc1c149afbf4c8996fb92427ae41e4649b934ca495991b7852b855,6e35e44d28127f2a12c8f916255a63ad273095c2d062558d82d937a8e6fc473c,81061387571fa654a7d8d43a4e9d1bc7855be819196151b8384e2e78c1ff6a55,c5e536361221d6cc36d7fba4254a2e8a0a560ac6eb7c00cc979a4ab70faa3ae5,972f73882045ed27f2c061c49cca4a02ef3d64021746714086aab3fed96a53a0,26ec4021e615be5b2de99a82ec665446527db2d9c9735806e245848c74a6af0b,70d68bf19f43b41486ce10b53035cca15e188d95cb47af813638a707e8698ff5,4206e14660c420d4e635604c29c3d629f1df09c6c009afbdc51ceab8db1f2a49,0.003800871,0.082233206,0000
296,001a,0010,e3b0c44298fc1c149afbf4c8996fb92427ae41e4649b934ca495991b7852b855,00c1159138d396e9ca920f2a7b960fd5c31dbc7065ffbc1148f6acb672ecb5ec,7d10636f0a395bf5d9533553963ece64a279631e7f801e6920872786e9bd9ce2,c5e536361221d6cc36d7fba4254a2e8a0a560ac6eb7c00cc979a4ab70faa3ae5,972f73882045ed27f2c061c49cca4a02ef3d64021746714086aab3fed96a53a0,26ec4021e615be5b2de99a82ec665446527db2d9c9735806e245848c74a6af0b,bb31092a115a56d101d17a2cd85a3e1d3378a18e024ac66c515170d6b1a4ede7,628511476208dc0cced78053720633e5e00991b1cea4aedb0798cf83653cb8fe,0.003806893,0.082156066,0000
297,001a,0010,e3b0c44298fc1c149afbf4c8996fb92427ae41e4649b934ca495991b7852b855,3817102cef1bff07f11d244c58d77019be5c6cea2cf79e211276c7b0f5f786b0,610ee098d0797ccf7bb758c978fc949d4a50067e50d6f26d806abd0dce1b2333,c5e536361221d6cc36d7fba4254a2e8a0a560ac6eb7c00cc979a4ab70faa3ae5,972f73882045ed27f2c061c49cca4a02ef3d64021746714086aab3fed96a53a0,26ec4021e615be5b2de99a82ec665446527db2d9c9735806e245848c74a6af0b,a882e93ead8cb57dc3c32e059686fc0927400506b75ed8fa3cc95729efbc0100,a0fdef4658176bd1eea06030bc71199263964fcc857e30c659ae2c20d944b26a,0.003796536,0.082134478,0000
298,001a,0010,e3b0c44298fc1c149afbf4c8996fb92427ae41e4649b934ca495991b7852b855,8b1713b4ea992188796c99f4c5b58657cc9d3f70437e7c3a0f9f53e0d0ce2522,f12ad9ab72047c76a9bb8b84248144c6b9b1a59fe0745ae4cb1a0a073a709cff,c5e536361221d6cc36d7fba4254a2e8a0a560ac6eb7c00cc979a4ab70faa3ae5,972f73882045ed27f2c061c49cca4a02ef3d64021746714086aab3fed96a53a0,26ec4021e615be5b2de99a82ec665446527db2d9c9735806e245848c74a6af0b,42237feceea675fa9370b8d25b2ce25b77bb5782f7177c001b1f4b099338beb8,1e7d6cda35547e648f5cbc8e9b07ddcbfbff95da3584ea37d85fca70b603694b,0.003770649,0.082200883,0000
299,001a,0010,e3b0c44298fc1c149afbf4c8996fb92427ae41e4649b934ca495991b7852b855,970b69186da28dbea5673e8ef2c3e08a55f60b208e8202dc280a10e4ff7ee51e,071c5f063dd9fd02e73c099fd64d0b940ff636657fec67df37c983ec2b765436,c5e536361221d6cc36d7fba4254a2e8a0a560ac6eb7c00cc979a4ab70faa3ae5,972f73882045ed27f2c061c49cca4a02ef3d64021746714086aab3fed96a53a0,26ec4021e615be5b2de99a82ec665446527db2d9c9735806e245848c74a6af0b,abe7110e422e8cfe7a79d2f24621d62287b0f9f687a1ce0e052047893dcfcd58,5efcb7e53c89dc450604e30d9e97b72b204f26cef2e7c5daee70d71d77ebe317,0.003791459,0.082185536,0000
300,001a,0010,e3b0c44298fc1c149afbf4c8996fb92427ae41e4649b934ca495991b7852b855,e0bc5c42475c87caffe7af6875579f85292185112248b1aaf3ba0613cc1da612,8bfc46c1d4cc021b3f8e49e3a8a185cf09ab7f03a158eeca523ba9f2c2ef11a7,c5e536361221d6cc36d7fba4254a2e8a0a560ac6eb7c00cc979a4ab70faa3ae5,972f73882045ed27f2c061c49cca4a02ef3d64021746714086aab3fed96a53a0,26ec4021e615be5b2de99a82ec665446527db2d9c9735806e245848c74a6af0b,166da2588a2411c2368e1160024b86c1e2a1d88ae5a711be97a7f94e14d4c3fd,3429a373f3efe496d33a84a978dc054bceb474016f42b2204bb0446b212a5ea5,0.003745663,0.082223922,0000
301,001a,0010,e3b0c44298fc1c149afbf4c8996fb92427ae41e4649b934ca495991b7852b855,46c99e52876901529be90f6f88c576602c7597ed494822eee60ffac80ab30364,99468cb0f848ef41ca89a5185eed7f43b2b668b895289cb79ecad0e912255861,c5e536361221d6cc36d7fba4254a2e8a0a560ac6eb7c00cc979a4ab70faa3ae5,972f73882045ed27f2c061c49cca4a02ef3d64021746714086aab3fed96a53a0,26ec4021e615be5b2de99a82ec665446527db2d9c9735806e245848c74a6af0b,73dc4159f51cb6bd4e170f22aa6ec607dd3da3e57b46c4e300764aeb92530903,1acc71d6907329d45dc650f42d0f66626a28d507e65f30d418e784a2f03255ff,0.003816693,0.082253691,0000
302,001a,0010,e3b0c44298fc1c149afbf4c8996fb92427ae41e4649b934ca495991b7852b855,8bb1a3929f963539d4677cbd345efd3e4950a10039e8eac6e987ce04edc989c2,775c2c54c1599ecb1d815aaf3da6c736faf2b74afce631e46dfc69798ef0b014,c5e536361221d6cc36d7fba4254a2e8a0a560ac6eb7c00cc979a4ab70faa3ae5,972f73882045ed27f2c061c49cca4a02ef3d64021746714086aab3fed96a53a0,26ec4021e615be5b2de99a82ec665446527db2d9c9735806e245848c74a6af0b,c3152b6b20e3241ccd5a66630e7f46de38a892eea20067aaeb7767cf306cf351,f023a8d2bde68a3b9365340df4798a1a7a58fe40518722fd8c699451cb4a1379,0.003778447,0.082106174,0000
303,001a,0010,e3b0c44298fc1c149afbf4c8996fb92427ae41e4649b934ca495991b7852b855,25797b8e84e66d452cf8d3f454f96252c6ec0b59b5e61684da5aa4d53a4ab60e,dad4b3d30230b3aee1f942e1884d1a82abf16dd137bf0a47e5a8b50d1d73e89c,c5e536361221d6cc36d7fba4254a2e8a0a560ac6eb7c00cc979a4ab70faa3ae5,972f73882045ed27f2c061c49cca4a02ef3d64021746714086aab3fed96a53a0,26ec4021e615be5b2de99a82ec665446527db2d9c9735806e245848c74a6af0b,33b95b1332022459c460986614081cc2628e6cbb94522035f91cb1217de43fd8,26122b53a11a22514046c7ea8f03b4b9bfef29cd0af2c7dbfe3de97a2f484d28,0.003770474,0.082197458,0000
304,001a,0010,e3b0c44298fc1c149afbf4c8996fb92427ae41e4649b934ca495991b7852b855,4e455b6f605be025c4e9c46bbd2cf75cf336d8cce23a557f9c30d55944ff19ad,eaa436738e1f1947fd0698b4ee3c63e7cc19d8760c4d284c3d0bdee38b0a499a,c5e536361221d6cc36d7fba4254a2e8a0a560ac6eb7c00cc979a4ab70faa3ae5,972f73882045ed27f2c061c49cca4a02ef3d64021746714086aab3fed96a53a0,26ec4021e615be5b2de99a82ec665446527db2d9c9735806e245848c74a6af0b,6a5223579e928f8e7aec5011a516024ba5d1f21c18d7d3818ed66ecccf1ee8e4,0af58469ba6ddf323ccb7c64d4a392d48c4e2314292a65dd971b4513ca937744,0.003795402,0.082186429,0000
305,001a,0010,e3b0c44298fc1c149afbf4c8996fb92427ae41e4649b934ca495991b7852b855,0559df620b30695922206bf7fe0a9eff85ea331114c1623494868564000a7699,db05dbe3716d750b191f19351ca5fa6b5a5bbc35adbb1d5fcbd7f471a32cfa94,c5e536361221d6cc36d7fba4254a2e8a0a560ac6eb7c00cc979a4ab70faa3ae5,972f73882045ed27f2c061c49cca4a02ef3d64021746714086aab3fed96a53a0,26ec4021e615be5b2de99a82ec665446527db2d9c9735806e245848c74a6af0b,289c000c77d6fd0b20a9dae5d475a5c0b84034b565e4a9b6b045a912342162d6,8557cc997709ab2d0135f788d8efaf2c24cd095d0b678036bd342692457f00a1,0.003777139,0.082201641,0000
306,001a,0010,e3b0c44298fc1c149afbf4c8996fb92427ae41e4649b934ca495991b7852b855,e60cf825358181058d2c6c85a4075cb6b765bfb33c62926e968be10d56259ac0,1050fdc5d38ed85a04a683eb5f1fdf5f30559bde6338807994bebbb540b10fe0,c5e536361221d6cc36d7fba4254a2e8a0a560ac6eb7c00cc979a4ab70faa3ae5,972f73882045ed27f2c061c49cca4a02ef3d64021746714086aab3fed96a53a0,26ec4021e615be5b2de99a82ec665446527db2d9c9735806e245848c74a6af0b,87439745f15bf0973243de5481c1385e603fb7e96bbcc16ef0de4ebf9afdf316,ea5ac8c744440dad7da275843ff0a2ea3e959f10f742c0c0614e212a81d29dd9,0.003751719,0.082209927,0000
307,001a,0010,e3b0c44298fc1c149afbf4c8996fb92427ae41e4649b934ca495991b7852b855,b29fa87ba3dff493c4747599db48012a052dae44e73a4fa2a5b7da476d749e4f,058b028350873a5e5f44e1593cb51b6b27db77dac83d55d2f43ef22650b8487f,c5e536361221d6cc36d7fba4254a2e8a0a560ac6eb7c00cc979a4ab70faa3ae5,972f73882045ed27f2c061c49cca4a02ef3d64021746714086aab3fed96a53a0,26ec4021e615be5b2de99a82ec665446527db2d9c9735806e245848c74a6af0b,d3cda448bfce309818caf761fa8648f956cc776aef9a357f86d2f1bbdfc19e9b,49bade2214f9c804e5b0a662df079ead163f8014d396e61b70893c980baad8e1,0.003803849,0.082184822,0000
308,001a,0010,e3b0c44298fc1c149afbf4c8996fb92427ae41e4649b934ca495991b7852b855,129e6d49ed7887aab03c84e19a2099f79ca7c8e67d7c1a886da072a0d93f3e45,306870391b53740e338cebebc2c22454dc440ac1a9c279c5b8119b2b77aec262,c5e536361221d6cc36d7fba4254a2e8a0a560ac6eb7c00cc979a4ab70faa3ae5,972f73882045ed27f2c061c49cca4a02ef3d64021746714086aab3fed96a53a0,26ec4021e615be5b2de99a82ec665446527db2d9c9735806e245848c74a6af0b,ceee3fd3423888fc8818f34afe1af39d80c0c5c583ccff127b843b0221611896,ca0b6a9389fa858c078665593349ccee855c299479adfc8b28afe8935601c826,0.003507098,0.082121342,0000
309,001a,0010,e3b0c44298fc1c149afbf4c8996fb92427ae41e4649b934ca495991b7852b855,e99e24d5fa4751a275646cc2f969be76d1cc5630305bf82f993b46fc5cca709e,56eaa146a44ea3b8cd6eff58f5070db7f544690d823a5f825ff9b41177cef3b4,c5e536361221d6cc36d7fba4254a2e8a0a560ac6eb7c00cc979a4ab70faa3ae5,972f73882045ed27f2c061c49cca4a02ef3d64021746714086aab3fed96a53a0,26ec4021e615be5b2de99a82ec665446527db2d9c9735806e245848c74a6af0b,3fc33adbbe17ea88250b43e5f9b9cc862f851e30c2de8dbaa895d7b82fa42ad6,fecafd7d024040c9b71c6f13f49d16376324a92f358ffb976c0d251d912da00e,0.003529396,0.082476225,0000
310,001a,0010,e3b0c44298fc1c149afbf4c8996fb92427ae41e4649b934ca495991b7852b855,9d0748400378ed19c44e481241bd4b641928996836f8a1504789957d8843699b,9bc76dda68b446d70cafec4d3215a7a3f08162a797e29860042ff302040da5b3,c5e536361221d6cc36d7fba4254a2e8a0a560ac6eb7c00cc979a4ab70faa3ae5,972f73882045ed27f2c061c49cca4a02ef3d64021746714086aab3fed96a53a0,26ec4021e615be5b2de99a82ec665446527db2d9c9735806e245848c74a6af0b,48f071edcc479242da1da52619089417d82d8af2653c37e68bfef16d5748b6a7,0267dd0479963a1a4f90d9febb001b597a0f15d41eb1ef7d3c1e790415d443b1,0.003750117,0.082498031,0000
311,001a,0010,e3b0c44298fc1c149afbf4c8996fb92427ae41e4649b934ca495991b7852b855,854637c97892880caa9d504183b3040052c6adc3ee8b1de6b11a4dacecc1d335,f51f90c39d8a0c8bb91c5ffb6b45b1ed24419297a00b910ddc2ac17a521c6394,c5e536361221d6cc36d7fba4254a2e8a0a560ac6eb7c00cc979a4ab70faa3ae5,972f73882045ed27f2c061c49cca4a02ef3d64021746714086aab3fed96a53a0,26ec4021e615be5b2de99a82ec665446527db2d9c9735806e245848c74a6af0b,0b6b64d718e5c7d0e4bab83ba5794fd02cd9cd256aeb564f2c8b1615a2f2cf85,bd5f829263e0c2108cbd231a26017ede1350ca6348241c35486fa04890ae1aa6,0.003799155,0.082245123,0000
312,001a,0010,e3b0c44298fc1c149afbf4c8996fb92427ae41e4649b934ca495991b7852b855,b878a61b3ce4f1b1bdf35137889a97e406125aa865a4ad1c137df434bc02854b,0a7e7c31a1a68460ba1113f436edfa5081f71a59820738b20e8f6438220d05d6,c5e536361221d6cc36d7fba4254a2e8a0a560ac6eb7c00cc979a4ab70faa3ae5,972f73882045ed27f2c061c49cca4a02ef3d64021746714086aab3fed96a53a0,26ec4021e615be5b2de99a82ec665446527db2d9c9735806e245848c74a6af0b,76d5e9ddf1173e356dce28202b8b9d5b74fa7640f559821568c47e0198b7ec7e,e67b13f9c17df0da7eca45f3fa8c8eca83f6db7f9267cc5a8b2031a1c26d05b5,0.003760745,0.082172624,0000
313,001a,0010,e3b0c44298fc1c149afbf4c8996fb92427ae41e4649b934ca495991b7852b855,216fade61b9a3ad9914bd2ce87e2625d7b66938dc39b3712a77ed5c70a79fc68,4ca1a97cf58002da730c1cfe5a4154df314475f4fdba89e9fadc201e2fbb1e44,c5e536361221d6cc36d7fba4254a2e8a0a560ac6eb7c00cc979a4ab70faa3ae5,972f73882045ed27f2c061c49cca4a02ef3d64021746714086aab3fed96a53a0,26ec4021e615be5b2de99a82ec665446527db2d9c9735806e245848c74a6af0b,c8a97002975fa5958dc02fcb4f4a28dcbb069839c10aa2f7cf9aa8fcdd35ac28,610518298282b624b483013101efbfaf13f5dbb8f00f1c5ce45297cdbac38c99,0.003707921,0.082277065,0000
314,001a,0010,e3b0c44298fc1c149afbf4c8996fb92427ae41e4649b934ca495991b7852b855,5aa39b968b6528558374d3d9b27d3e8c77a2d98f2bb780c64441dc68639a030c,aa9b23eff8d7a82574a234be092bd43538304aac5788443782b2d13ea2040bfb,c5e536361221d6cc36d7fba4254a2e8a0a560ac6eb7c00cc979a4ab70faa3ae5,972f73882045ed27f2c061c49cca4a02ef3d64021746714086aab3fed96a53a0,26ec4021e615be5b2de99a82ec665446527db2d9c9735806e245848c74a6af0b,9fa70503e1888c91c03ece4703ff00afdfa103bf6ff79ef75a81e2deae8f5e5a,604ada99bed9538232304efb641e8043721c11db1b08769de77f8165cd7f7bf4,0.003793947,0.082194301,0000
315,001a,0010,e3b0c44298fc1c149afbf4c8996fb92427ae41e4649b934ca495991b7852b855,a8711c6c00de22c4368ad689c2f77eb7a029e6671e47288fa0a73c5a02e08b03,352bd34bf2d582eb1c28ec5b22381f17f11743704d423d0aeb0f2e3c6b1e5ab8,c5e536361221d6cc36d7fba4254a2e8a0a560ac6eb7c00cc979a4ab70faa3ae5,972f73882045ed27f2c061c49cca4a02ef3d64021746714086aab3fed96a53a0,26ec4021e615be5b2de99a82ec665446527db2d9c9735806e245848c74a6af0b,c74df1b2da01014d157b2a90e1972f25d60bd31707bacddacdf1d15376a57868,ff2010cd2ad1a6505e1fbff68baad6c33c20b2989cf39db18ab206f50920dbff,0.003780415,0.082202455,0000
316,001a,0010,e3b0c44298fc1c149afbf4c8996fb92427ae41e4649b934ca495991b7852b855,72444c6d86b4ef656fb9f35978fc1f5a9c18659f4fe446e8eda9bf251088ba6e,49a3f3f5cfc25054d7d6626153aa3f452e90396d911fd9603897bc02f3a884aa,c5e536361221d6cc36d7fba4254a2e8a0a560ac6eb7c00cc979a4ab70faa3ae5,972f73882045ed27f2c061c49cca4a02ef3d64021746714086aab3fed96a53a0,26ec4021e615be5b2de99a82ec665446527db2d9c9735806e245848c74a6af0b,c4fe3b204cb9c79cef167d947c5a0419bd92b2450918e966f1958ec176ccd274,9cdcf3d6e1a4c1a6a5757e42dc41aacef4481d51d4c2c28944719d1010766451,0.003756250,0.082207874,0000
317,001a,0010,e3b0c44298fc1c149afbf4c8996fb92427ae41e4649b934ca495991b7852b855,a180b4b9bd22f396657bf1e8aab2be55d1a274c7061cac2fb9b07367237a5acc,6f82f761065c120ee0c900f52dadd86b1cd3e2256ad8f4c0f703f2904c42bbab,c5e536361221d6cc36d7fba4254a2e8a0a560ac6eb7c00cc979a4ab70faa3ae5,972f73882045ed27f2c061c49cca4a02ef3d64021746714086aab3fed96a53a0,26ec4021e615be5b2de99a82ec665446527db2d9c9735806e245848c74a6af0b,49d6314e84ccff1816ebd8394a236cda2da95811ef53a3305155183c837d21a1,e6f5b2ed04e60de10fc4ac48816badba060c1815d903aafc8b2a1ab5bf815bc8,0.003802427,0.082195488,0000
318,001a,0010,e3b0c44298fc1c149afbf4c8996fb92427ae41e4649b934ca495991b7852b855,6ce08c0c925e0eac75eb6aeb006e7a53647d4560056c5ecfef7160d75a0264d4,b58a110faa61663d3bc801957e3663c03cedbd05588b71d37b34dd2bdaa194e0,c5e536361221d6cc36d7fba4254a2e8a0a560ac6eb7c00cc979a4ab70faa3ae5,972f73882045ed27f2c061c49cca4a02ef3d64021746714086aab3fed96a53a0,26ec4021e615be5b2de99a82ec665446527db2d9c9735806e245848c74a6af0b,5f892d137be30180c3c7a666c2fed72e46810353f456d4dfdf408bd71409f9d6,b649fdd64da782370a5a1dbf6d9ae2043698fc9862ead8cf33590f259daae6d5,0.003759993,0.082188877,0000
319,001a,0010,e3b0c44298fc1c149afbf4c8996fb92427ae41e4649b934ca495991b7852b855,1ca3f2c4d6d4b1bca899d11349f8ea515441a9eea95c1cf527ff70a42d53e65d,2548cde2203b98f291864b9a9c1f3c18c46a918f8e8166f61b96f3ee97ed482c,c5e536361221d6cc36d7fba4254a2e8a0a560ac6eb7c00cc979a4ab70faa3ae5,972f73882045ed27f2c061c49cca4a02ef3d64021746714086aab3fed96a53a0,26ec4021e615be5b2de99a82ec665446527db2d9c9735806e245848c74a6af0b,12766b9604447c1ff68722f26f8fc6861097006fdce3205305122cf9ca8d0d5d,168c7c3b31bc3167f5c9e0b50c963f2b2a1c8fe26e901e6e4810dce5c6759906,0.003764886,0.082220877,0000
320,001a,0010,e3b0c44298fc1c149afbf4c8996fb92427ae41e4649b934ca495991b7852b855,8c4ce0b1155c74dfb762d6dbd581dfa37bdf8492b50afa4f489652dcdc84217f,d55c9e3f3000f50ef5acf0410b3f06a76ce7202359a87e9360cbe8959ecdeefc,c5e536361221d6cc36d7fba4254a2e8a0a560ac6eb7c00cc979a4ab70faa3ae5,972f73882045ed27f2c061c49cca4a02ef3d64021746714086aab3fed96a53a0,26ec4021e615be5b2de99a82ec665446527db2d9c9735806e245848c74a6af0b,d31f5a8ce22f758e8f66e37552b7b2609277c653fcca94b0d8730733c34e9949,da5db3d90a6177d5c5d67430da2a9ad689f5dcee037091c527300c56772d52d0,0.003793017,0.082192117,0000
321,001a,0010,e3b0c44298fc1c149afbf4c8996fb92427ae41e4649b934ca495991b7852b855,a33a35a449c1e02b0bd8da1bebb72d44b92ee67b2f7baabfce0a5b7002c6ec31,9797c4a92a0abeefb43f65d358e8cc4d28d6ec245f21367c1773a25b1707ea67,c5e536361221d6cc36d7fba4254a2e8a0a560ac6eb7c00cc979a4ab70faa3ae5,972f73882045ed27f2c061c49cca4a02ef3d64021746714086aab3fed96a53a0,26ec4021e615be5b2de99a82ec665446527db2d9c9735806e245848c74a6af0b,c3c14dc8b7e9a48bb61c2bbfe0f6129d7aade416600d8c1d7fa7114adf3250ba,6745b10dcafdc35f4785df456e405a690f4201811f589ac72f1fecf5957d8642,0.003737395,0.082221164,0000
322,001a,0010,e3b0c44298fc1c149afbf4c8996fb92427ae41e4649b934ca495991b7852b855,c328936419ddeeb57f890cb8c71cb1817e2b620b2115ee12378a30e17ee3f297,8d50dc1ec56f48768cc7a56569cb37e17d4bf2d08aad3168011cae3e6eba9530,c5e536361221d6cc36d7fba4254a2e8a0a560ac6eb7c00cc979a4ab70faa3ae5,972f73882045ed27f2c061c49cca4a02ef3d64021746714086aab3fed96a53a0,26ec4021e615be5b2de99a82ec665446527db2d9c9735806e245848c74a6af0b,2e4a8c59ceee3307abd241c3f69ded8117b7dc469d787228034cef1cced014bd,ed6dc067e1f35ebcee2b87565ab2f2ad703b04bb0405daafd1dd3f002a749ccb,0.003616350,0.082212575,0000
323,001a,0010,e3b0c44298fc1c149afbf4c8996fb92427ae41e4649b934ca495991b7852b855,532ffa4591384b091fa1170c5a4c46ce57eabe535f22c87cd099babba4cd9432,201de4f809e8ba8b68b16225f9b4d1064c450d58dd2a3b5b9c1d4c351e4c7f24,c5e536361221d6cc36d7fba4254a2e8a0a560ac6eb7c00cc979a4ab70faa3ae5,972f73882045ed27f2c061c49cca4a02ef3d64021746714086aab3fed96a53a0,26ec4021e615be5b2de99a82ec665446527db2d9c9735806e245848c74a6af0b,f786b81fdeb794f008ead2a1201a0a26ce98a34606dfaa698af1bacad0b0234e,0992a996e345e64bfb8cf28324ac4eec6cd632202b54d41af7242d7d3bc0fd64,0.003804666,0.082346155,0000
324,001a,0010,e3b0c44298fc1c149afbf4c8996fb92427ae41e4649b934ca495991b7852b855,a44dc491fd0b048b5b854e09d422dff1f15db76de5357ec16afd18249d2f728d,db6fa58ae5d9bfc966f75dd0760aadb35c1e9aa07ce5d553e8ce185b6a49cc2a,c5e536361221d6cc36d7fba4254a2e8a0a560ac6eb7c00cc979a4ab70faa3ae5,972f73882045ed27f2c061c49cca4a02ef3d64021746714086aab3fed96a53a0,26ec4021e615be5b2de99a82ec665446527db2d9c9735806e245848c74a6af0b,2ec9eb9f8a1e45dab7194dd915349681b3c4a6abdd8ee1c64806a1ece851745b,080a150bf4bc122d948c760837a522b4f441ff886151e1496c8ccd0e84498479,0.003767514,0.082174753,0000
325,001a,0010,e3b0c44298fc1c149afbf4c8996fb92427ae41e4649b934ca495991b7852b855,1c67eff9c72dd86fc20bd9d33694010bec140d5d8f100723ba576edb745789ff,0ce124065626da67c80b09a0a72dd6bcb68b42f2d43943659d89f111d0bd27c9,c5e536361221d6cc36d7fba4254a2e8a0a560ac6eb7c00cc979a4ab70faa3ae5,972f73882045ed27f2c061c49cca4a02ef3d64021746714086aab3fed96a53a0,26ec4021e615be5b2de99a82ec665446527db2d9c9735806e245848c74a6af0b,99092ad6d102bf3f36f1553fb1a1cd331882ba9fe6db6e20e794baaa906c5293,05ff1879ba67e0117c0c1ec70b6aff4412c2c1f415085cc5c3282e1c2d940a76,0.003796297,0.082210379,0000
326,001a,0010,e3b0c44298fc1c149afbf4c8996fb92427ae41e4649b934ca495991b7852b855,a0d89a50a2378bd3d11a1c924d9a22ed066620aff0dd25bf1b0c9b023c928bc2,2bc7c54bcc939ad5050d52dd571e718665a1bc9fea5de2f4bd77121c9463431d,c5e536361221d6cc36d7fba4254a2e8a0a560ac6eb7c00cc979a4ab70faa3ae5,972f73882045ed27f2c061c49cca4a02ef3d64021746714086aab3fed96a53a0,26ec4021e615be5b2de99a82ec665446527db2d9c9735806e245848c74a6af0b,b189b188a3b943447c0869652cdb8080363ce8bcce84cdd58efb02751e028fbe,70115c53bd3811b6d8b629b30fa51af6b6b38c68adbced6d7b9917dbd212ad55,0.003803447,0.082214808,0000
327,001a,0010,e3b0c44298fc1c149afbf4c8996fb92427ae41e4649b934ca495991b7852b855,8907723bb70adec2c74f381219bc35ae8c3c3d8420d786fc2624f86f8e955f32,09f2b053dbad7b76466dab941303fa9908d7f5a0e22f359793abe5515830dfe2,c5e536361221d6cc36d7fba4254a2e8a0a560ac6eb7c00cc979a4ab70faa3ae5,972f73882045ed27f2c061c49cca4a02ef3d64021746714086aab3fed96a53a0,26ec4021e615be5b2de99a82ec665446527db2d9c9735806e245848c74a6af0b,e2bb139a3373ced9fdeb317ce99907d4f863c700adfee3f2f6a9b03e5c9f527b,fd410e6f3c08ad5e2da4914104ec437d47f7832b744106aee2a8d810a06a23f4,0.003934931,0.082193572,0000
328,001a,0010,e3b0c44298fc1c149afbf4c8996fb92427ae41e4649b934ca495991b7852b855,a9df0f4d0a548a2992c8824e6c5b86ac9e9c01c80f5e55055a8d3a0dedecc4ae,eca42d607ecec18938b48691f24a6034279dff048656a304b99fe389452c3dc6,c5e536361221d6cc36d7fba4254a2e8a0a560ac6eb7c00cc979a4ab70faa3ae5,972f73882045ed27f2c061c49cca4a02ef3d64021746714086aab3fed96a53a0,26ec4021e615be5b2de99a82ec665446527db2d9c9735806e245848c74a6af0b,e8a34c11cddf8a45e5b8078c060ab7aebfe10dc1617990bbb7d18f6cfa96bde8,66b25e034896443e5e786de7e5f8f561ca6b365067624071273f9743cb8f4ea8,0.003783743,0.082000931,0000
329,001a,0010,e3b0c44298fc1c149afbf4c8996fb92427ae41e4649b934ca495991b7852b855,f890415b39b4c7573ab621e34420925289d286ad684a65651ea765ff3fa3c54b,db2a4472377c2ee4202ec7a48ba694595ad3c19b3a20379f979b53f475eb7ab2,c5e536361221d6cc36d7fba4254a2e8a0a560ac6eb7c00cc979a4ab70faa3ae5,972f73882045ed27f2c061c49cca4a02ef3d64021746714086aab3fed96a53a0,26ec4021e615be5b2de99a82ec665446527db2d9c9735806e245848c74a6af0b,cbbe8436c045ddb9cc4ac7f2731496d33165ad191b4650dffbb725e8e3592b10,1edca68d82a7ab31d3ba1b52d326ac74f7746a8b246467113b980a9c985022e7,0.003773290,0.082195327,0000
330,001a,0010,e3b0c44298fc1c149afbf4c8996fb92427ae41e4649b934ca495991b7852b855,958cd348da660beff1fafb1662876cdf70a09bb367aa9947b44811281f4b2094,bea1c5b0a923c3f1b50ff77286cb422c1e21eeb99e4c60a55125622fb385a270,c5e536361221d6cc36d7fba4254a2e8a0a560ac6eb7c00cc979a4ab70faa3ae5,972f73882045ed27f2c061c49cca4a02ef3d64021746714086aab3fed96a53a0,26ec4021e615be5b2de99a82ec665446527db2d9c9735806e245848c74a6af0b,2e2eaeb5d15a022ed5f16bfec5db9c55a5732281f71282b75613b55c1fbe9932,05d10ad4209f527dc03383f8df2138b1f78d28c67338699361a309f624637485,0.003787302,0.082186073,0000
331,001a,0010,e3b0c44298fc1c149afbf4c8996fb92427ae41e4649b934ca495991b7852b855,636236221f660e75d5f948d4147c9a08a94f0305f05bf5db8bb48b035df21478,802c50cc46124271e8f03c180f6cf6571c5de7309b0da0a97be63f62c1df9e39,c5e536361221d6cc36d7fba4254a2e8a0a560ac6eb7c00cc979a4ab70faa3ae5,972f73882045ed27f2c061c49cca4a02ef3d64021746714086aab3fed96a53a0,26ec4021e615be5b2de99a82ec665446527db2d9c9735806e245848c74a6af0b,b1303bf0158f2dfae5ef8f2f05bea5fcec376821b46fc9539c7156e555fd7159,0161bab7a7473f4fb1c51c3da603b44da255b1df97a26811e1400e2e0985cf9d,0.003787934,0.082193660,0000
332,001a,0010,e3b0c44298fc1c149afbf4c8996fb92427ae41e4649b934ca495991b7852b855,f326ed9e7ebf1062329ca04e2a1a8a368f7265704a9e82183e4354f01363f553,46188b88ad886f9800ecb45798ed74f34c8c29b8cf4e1bc15a102225cc8bf12f,c5e536361221d6cc36d7fba4254a2e8a0a560ac6eb7c00cc979a4ab70faa3ae5,972f73882045ed27f2c061c49cca4a02ef3d64021746714086aab3fed96a53a0,26ec4021e615be5b2de99a82ec665446527db2d9c9735806e245848c74a6af0b,85c1d92240d4cde7db8f83c02b4399ef74797022b0c8c8af21185c91c86fb041,ea6924a1873e136dacaffcb01fecbb38037a8b7a6ba2c5db9ba0b145c8394d7a,0.003770671,0.082197344,0000
333,001a,0010,e3b0c44298fc1c149afbf4c8996fb92427ae41e4649b934ca495991b7852b855,47fbcd76df401240e5d55b76d55ef8faf4b88f6941233ad9ce7a0d4a223ef64c,1f0facd7917265d150bdd7cee00da39ca637ae66d907e223d59b274f49f99420,c5e536361221d6cc36d7fba4254a2e8a0a560ac6eb7c00cc979a4ab70faa3ae5,972f73882045ed27f2c061c49cca4a02ef3d64021746714086aab3fed96a53a0,26ec4021e615be5b2de99a82ec665446527db2d9c9735806e245848c74a6af0b,398f3238d294815adba799ead0cf5457322491f7efc00352c082de0756294d54,2fd290e2a641681118a668e2d4975642fbce93576f3467468a41839e7ede49e0,0.003787352,0.082188119,0000
334,001a,0010,e3b0c44298fc1c149afbf4c8996fb92427ae41e4649b934ca495991b7852b855,e22c4a8ba9d1fe88f18273b38c0795b2a044d9e17a19ffbd684170087ef26fc7,0a6303c126c25c059217c60c32d96d6d6e240499f64fc2aa04d26eef97fd5b68,c5e536361221d6cc36d7fba4254a2e8a0a560ac6eb7c00cc979a4ab70faa3ae5,972f73882045ed27f2c061c49cca4a02ef3d64021746714086aab3fed96a53a0,26ec4021e615be5b2de99a82ec665446527db2d9c9735806e245848c74a6af0b,bee1108c34f9c4e77dc8a126b261f86cd5df21b437af3e7706d496075390bb5b,552e79dd627b3cce777c1ca9da1cab6a22b208d427addab450fc0851f224ab55,0.003775766,0.082198864,0000
335,001a,0010,e3b0c44298fc1c149afbf4c8996fb92427ae41e4649b934ca495991b7852b855,07cf38473b33502c01cf8e72a7b8d64b838bc345a16bf0eda55354faa98e2985,d51ebaa671394a8a4af6eee58293196c925473cae618ea90c87c34aa9ff25fe7,c5e536361221d6cc36d7fba4254a2e8a0a560ac6eb7c00cc979a4ab70faa3ae5,972f73882045ed27f2c061c49cca4a02ef3d64021746714086aab3fed96a53a0,26ec4021e615be5b2de99a82ec665446527db2d9c9735806e245848c74a6af0b,b45f76647d6ecc9f2e123c472d6e3651cd18016e2d1adccab31f3c58d34d0fc0,15806f81fb9da85facba759a0f16d51ebc4840c78a9df5cfc318747d9f8327cd,0.003782044,0.082203929,0000
336,001a,0010,e3b0c44298fc1c149afbf4c8996fb92427ae41e4649b934ca495991b7852b855,e064248f0f111fccec4f9e4dad530b90d821a6f3d70935fce3899a5abfc76af8,1dc5f01ce0dc0520bd6263c1059910f1f1b193921a2b6d9037c4f5d5afb034d0,c5e536361221d6cc36d7fba4254a2e8a0a560ac6eb7c00cc979a4ab70faa3ae5,972f73882045ed27f2c061c49cca4a02ef3d64021746714086aab3fed96a53a0,26ec4021e615be5b2de99a82ec665446527db2d9c9735806e245848c74a6af0b,d826f772265068dfb71a7f95145b3ba125454168b88af45e77d0bb6e239f4c42,5d1606226a6d49cfe98f67eedeb21c05640ce11400e69de6fba03c4c27c58918,0.003786104,0.082190463,0000
337,001a,0010,e3b0c44298fc1c149afbf4c8996fb92427ae41e4649b934ca495991b7852b855,33312b5306dc502c5706c12d38c1fa013fc9f53eb0823428aa2d171476c39070,757f2d218da6dfa20245bc7085b388ba4f0d8badc993a6e309e31105e034b921,c5e536361221d6cc36d7fba4254a2e8a0a560ac6eb7c00cc979a4ab70faa3ae5,972f73882045ed27f2c061c49cca4a02ef3d64021746714086aab3fed96a53a0,26ec4021e615be5b2de99a82ec665446527db2d9c9735806e245848c74a6af0b,8ed8311d033d70a46a6427d973c588fe05a5fede2e04db2274b2fbf137a99744,d5c2e1c2f47e13c5fdbf743fcdb04de0809d11b535650f4fe6c44aa50f3a8260,0.003763856,0.082191407,0000
338,001a,0010,e3b0c44298fc1c149afbf4c8996fb92427ae41e4649b934ca495991b7852b855,58b40a333b398cabbf95be94950c1c9767be31efa3318483dac10807a1e939e6,40c7fbbefcbb677034717a67f0faf212e38fa21f8334e0e859b7aba8fc843fa4,c5e536361221d6cc36d7fba4254a2e8a0a560ac6eb7c00cc979a4ab70faa3ae5,972f73882045ed27f2c061c49cca4a02ef3d64021746714086aab3fed96a53a0,26ec4021e615be5b2de99a82ec665446527db2d9c9735806e245848c74a6af0b,98c71b4898283d27818b06b2c56e6459de1d6b83983a48065baedc1c81737da3,6d013bba0519cba088753b744e6ace6f61720c013775166f99600b5ed87397b1,0.003748476,0.082225671,0000
339,001a,0010,e3b0c44298fc1c149afbf4c8996fb92427ae41e4649b934ca495991b7852b855,8b731de675abdc6d2ea1f10fa00418dfead2c2b1d3cf782b0eacda314f481103,000552c7d33a486895e529074ed6f21c830cceed42b6bef2b21809c3d978cd02,c5e536361221d6cc36d7fba4254a2e8a0a560ac6eb7c00cc979a4ab70faa3ae5,972f73882045ed27f2c061c49cca4a02ef3d64021746714086aab3fed96a53a0,26ec4021e615be5b2de99a82ec665446527db2d9c9735806e245848c74a6af0b,03608c805d9f8a3b80f65d3b0fba881c937abcc6268ec5c555948852a5d5c347,ee88d8dac25ed3867e8cf28929cbc37efa61add0f033d0c96418d1101be27761,0.003724618,0.082252446,0000
340,001a,0010,e3b0c44298fc1c149afbf4c8996fb92427ae41e4649b934ca495991b7852b855,b40277689064d4f91c72c059e2abbc40e93f4dca0360f5de5b7c392c215391e0,3305884fdf39e495d5958f92af600904b9e338ff41052171caef02ad41b411c4,c5e536361221d6cc36d7fba4254a2e8a0a560ac6eb7c00cc979a4ab70faa3ae5,972f73882045ed27f2c061c49cca4a02ef3d64021746714086aab3fed96a53a0,26ec4021e615be5b2de99a82ec665446527db2d9c9735806e245848c74a6af0b,b260adc2e938ca12853b44de47e6ef3e158a8d47553353a2f1b6cc259ef2fe07,90a325137c0219d5bc8570d19bb580f0cb09080c792c2a12164050530a134745,0.003781915,0.082200010,0000
341,001a,0010,e3b0c44298fc1c149afbf4c8996fb92427ae41e4649b934ca495991b7852b855,21c3ebaace18ba863a67c21ba11dccb16285c8361087991d5ff918138b0dcc28,99a7a2bc2a509021183be65ca5f1b0eeb93d66c73f12ef15f6add9ecbf0b6163,c5e536361221d6cc36d7fba4254a2e8a0a560ac6eb7c00cc979a4ab70faa3ae5,972f73882045ed27f2c061c49cca4a02ef3d64021746714086aab3fed96a53a0,26ec4021e615be5b2de99a82ec665446527db2d9c9735806e245848c74a6af0b,8c51c214b644cdbce5356cf7eabe034218bd9162667a9896fd049c756b38e2e5,75ce440e1703ef9fa4005dd5cd21694fe9ca9c67f5bff7d222a17061ec96af2a,0.003783935,0.082201524,0000
342,001a,0010,e3b0c44298fc1c149afbf4c8996fb92427ae41e4649b934ca495991b7852b855,2cdf5344f6e3af32c2895b55715f71d885afbdd5d2cc111e48b1f0f072443977,3b1778ae4b5cc5e4a6ef36747caf1730635f6acb75019b739b6963cfbc1b4c94,c5e536361221d6cc36d7fba4254a2e8a0a560ac6eb7c00cc979a4ab70faa3ae5,972f73882045ed27f2c061c49cca4a02ef3d64021746714086aab3fed96a53a0,26ec4021e615be5b2de99a82ec665446527db2d9c9735806e245848c74a6af0b,cc6718a2b7f104f0a2e6623a97c38cc93e364d86d6a558fb907620cb065077ff,4810890bb6765540baeb18ce86dd5eb3456360df6366b4fdaae9cf6bc04ee9fa,0.003737556,0.082215555,0000
343,001a,0010,e3b0c44298fc1c149afbf4c8996fb92427ae41e4649b934ca495991b7852b855,f49360a11b9edd4d487a15bdf635ff54c94b3dd71768ee91ae362a423e1f07b9,944ae36ef5218f745705651266f48c1968cd951d05886ff192daf12efb854998,c5e536361221d6cc36d7fba4254a2e8a0a560ac6eb7c00cc979a4ab70faa3ae5,972f73882045ed27f2c061c49cca4a02ef3d64021746714086aab3fed96a53a0,26ec4021e615be5b2de99a82ec665446527db2d9c9735806e245848c74a6af0b,e1394de0a036d8d4d52608898be9116ccd039b64829b799e58418ba8f645a191,73c623ce3b5f068d3f24d25ca0cf8e073269955f7b93e899588453991a170929,0.003789604,0.082192973,0000
344,001a,0010,e3b0c44298fc1c149afbf4c8996fb92427ae41e4649b934ca495991b7852b855,29317d0665c62001df1f9ac9ab037928d7d271642fee33594118d8d4905748ac,c1b19eb8b1fa650db2d1f5221f36b88140ff343891604310916817985a6a4046,c5e536361221d6cc36d7fba4254a2e8a0a560ac6eb7c00cc979a4ab70faa3ae5,972f73882045ed27f2c061c49cca4a02ef3d64021746714086aab3fed96a53a0,26ec4021e615be5b2de99a82ec665446527db2d9c9735806e245848c74a6af0b,ec4495a860eea66ed072416f19dcc93d6ccd08ab8361492b84ca5e93b1faf21c,c6f366c77d77a52e225b23f005e81b604b15ac6e1f85b08cd5fb7a9de560e692,0.003732140,0.082225165,0000
345,001a,0010,e3b0c44298fc1c149afbf4c8996fb92427ae41e4649b934ca495991b7852b855,0c97bbb8d262303010cd145fe76223429f6e06e4a6c1e1ecabaa3a11205cb388,aaf286cf14ac5a63d30440c008f4661e35d77c94e3b5010872d08450e7baef83,c5e536361221d6cc36d7fba4254a2e8a0a560ac6eb7c00cc979a4ab70faa3ae5,972f73882045ed27f2c061c49cca4a02ef3d64021746714086aab3fed96a53a0,26ec4021e615be5b2de99a82ec665446527db2d9c9735806e245848c74a6af0b,67727cc9b8b018b1218597371eecebc3b1ce8fe116ac78ae1c5d70d321d7a463,1c1c750e9ec400e4f29845b5df9333423af4d87907c9fde56e50d97a41ca0e3c,0.003747942,0.082209749,0000
346,001a,0010,e3b0c44298fc1c149afbf4c8996fb92427ae41e4649b934ca495991b7852b855,b945eb8083ff9c3c8c3fea2ec25b59c98d1416ea192a0666c564a33095d2b26d,bfa6e748b968748da59fd25bd607e2aea82c6e4cec36788f005f56573a6b46e6,c5e536361221d6cc36d7fba4254a2e8a0a560ac6eb7c00cc979a4ab70faa3ae5,972f73882045ed27f2c061c49cca4a02ef3d64021746714086aab3fed96a53a0,26ec4021e615be5b2de99a82ec665446527db2d9c9735806e245848c74a6af0b,735241efb78d14aca13f71d289aabad8c3db4d9794f098b9900795e0f52565e3,c0b9c300449d8abb8ced21dc1060cfc76984cb1441764bbfd6f9e1c5929e3a2e,0.003789250,0.082223785,0000
347,001a,0010,e3b0c44298fc1c149afbf4c8996fb92427ae41e4649b934ca495991b7852b855,d73ce95c75fdb0d1dad1afd45064641bd3ac226bcd958f386753e5d48da8c44f,1220e0fbce789d5086b3768048be53c45d9474f0bc533c997bf2883cb5b7afcf,c5e536361221d6cc36d7fba4254a2e8a0a560ac6eb7c00cc979a4ab70faa3ae5,972f73882045ed27f2c061c49cca4a02ef3d64021746714086aab3fed96a53a0,26ec4021e615be5b2de99a82ec665446527db2d9c9735806e245848c74a6af0b,4cff456fa9991a643ee0869077e7529238948e0380cd82dd6a494002d3440b7f,6045220176ea5c05c8d941db654b4e7b62c5a2416efa0381bbf6406e8b582f18,0.003750385,0.082206754,0000
348,001a,0010,e3b0c44298fc1c149afbf4c8996fb92427ae41e4649b934ca495991b7852b855,0cd31ecc5b7ae68f12b2ea9cd4f7dc2efadf9aeaa72fdfbfce45b7e40a3c81d2,e733861a7cf707bb7fa27e22fab289ac873a91b6c5b1bde6eba15d6e909fe3a2,c5e536361221d6cc36d7fba4254a2e8a0a560ac6eb7c00cc979a4ab70faa3ae5,972f73882045ed27f2c061c49cca4a02ef3d64021746714086aab3fed96a53a0,26ec4021e615be5b2de99a82ec665446527db2d9c9735806e245848c74a6af0b,87b2738b55f6a776d3f64417676591ffd68cfcd3d397ae54d6d52ef88e71dc6a,dde274044052b85dfca4df36aea29920d6069810cf3ad76b03f5df1e27b495dd,0.003770282,0.082202427,0000
349,001a,0010,e3b0c44298fc1c149afbf4c8996fb92427ae41e4649b934ca495991b7852b855,2a25c043b06fe070c5efd8e57e505bad1c8ad0fe0dc537806767d99edf66074b,bb8bddc44c3e9fd2ae8ebf0e38437f6eaa6249401e399ecea9413e01a13e9194,c5e536361221d6cc36d7fba4254a2e8a0a560ac6eb7c00cc979a4ab70faa3ae5,972f73882045ed27f2c061c49cca4a02ef3d64021746714086aab3fed96a53a0,26ec4021e615be5b2de99a82ec665446527db2d9c9735806e245848c74a6af0b,c390268c169dab383f068856921a146bc0276feb6a9faeb623c841eef1c279d0,8b61e26dce0356fe18ed73cd98c1edb628d633ad6fc58503e18627537e760f40,0.003752769,0.082202203,0000
350,001a,0010,e3b0c44298fc1c149afbf4c8996fb92427ae41e4649b934ca495991b7852b855,89b2387386408d3f94cae56bb4d15ff42dcb275f6eba753f13a34fa5bc51906e,6cdfb8a56a3949981f22ad25a4881f62c7ff50ab13cb022a0ba29408a35b06dc,c5e536361221d6cc36d7fba4254a2e8a0a560ac6eb7c00cc979a4ab70faa3ae5,972f73882045ed27f2c061c49cca4a02ef3d64021746714086aab3fed96a53a0,26ec4021e615be5b2de99a82ec665446527db2d9c9735806e245848c74a6af0b,7c6cf45d7d2c42a1bab87b88161f0b4fd271cb799cbecac8389b95427160a698,ae2c6244d3e8737bd85439423242ad0d9fb6ee1ea3a1c00f061045dcba9143f4,0.003736048,0.082241733,0000
351,001a,0010,e3b0c44298fc1c149afbf4c8996fb92427ae41e4649b934ca495991b7852b855,19d43622cd1a655d74c9543ee59e0f097f7dc0056e750e09e6a4dc6cbd2d66ad,5f7fef888b433532d7491f47e3b91a75df48af01a9c6c8280e0ef16d048236e6,c5e536361221d6cc36d7fba4254a2e8a0a560ac6eb7c00cc979a4ab70faa3ae5,972f73882045ed27f2c061c49cca4a02ef3d64021746714086aab3fed96a53a0,26ec4021e615be5b2de99a82ec665446527db2d9c9735806e245848c74a6af0b,60c1961b1fccd06e2f2a6a594a924a5c5247bb169ebcbe9080e2c885673a2852,2dfd89f2c8cfdfee7fa39b5ecbb3740c72f51ade3e080189b99e1d73f4cf3a1c,0.003793484,0.082224859,0000
352,001a,0010,e3b0c44298fc1c149afbf4c8996fb92427ae41e4649b934ca495991b7852b855,7eec62240e47e15519693082e9f92c451ae2f19df003822df12e572054f84ac7,3c14a47bada66c8ab8dcd2db72336472e3f6229695760e286d77b841e5f7c0b7,c5e536361221d6cc36d7fba4254a2e8a0a560ac6eb7c00cc979a4ab70faa3ae5,972f73882045ed27f2c061c49cca4a02ef3d64021746714086aab3fed96a53a0,26ec4021e615be5b2de99a82ec665446527db2d9c9735806e245848c74a6af0b,d560b55b69aff7ab06c99f9ff028be09aa40eaa712dd68c5645d737508d6ff87,1122a4e1bd1d6a3402b3187e690baf9da78d2c54e6d26226d41c589bbb142f15,0.003773277,0.082202913,0000
353,001a,0010,e3b0c44298fc1c149afbf4c8996fb92427ae41e4649b934ca495991b7852b855,59fa70ef67ca180f4946fbfbcb741600dec5b585acde5a9fdd6550fb5912d469,4ecfd15dd2fa61cc6ab76bdb30a9623cab1f8fa48c22dd113a596a25ce65f4a1,c5e536361221d6cc36d7fba4254a2e8a0a560ac6eb7c00cc979a4ab70faa3ae5,972f73882045ed27f2c061c49cca4a02ef3d64021746714086aab3fed96a53a0,26ec4021e615be5b2de99a82ec665446527db2d9c9735806e245848c74a6af0b,3f8dc72d6407c89b54ac44985060cf5645a7fbe1ee81de6f63f096f48730a085,511fb90df28fa466837c3b5373bd042fa88f790e050bfaca331c52d4e2a73227,0.003780992,0.082206557,0000
354,001a,0010,e3b0c44298fc1c149afbf4c8996fb92427ae41e4649b934ca495991b7852b855,1b47d7ef32c4f631d5620dcc6c5caca7d0972c7884ab53768cc571b92e51dd94,83d4ee540ee179daa7a1e52bc144f444b04928a4b0d4c5bf5572bf795b0d2236,c5e536361221d6cc36d7fba4254a2e8a0a560ac6eb7c00cc979a4ab70faa3ae5,972f73882045ed27f2c061c49cca4a02ef3d64021746714086aab3fed96a53a0,26ec4021e615be5b2de99a82ec665446527db2d9c9735806e245848c74a6af0b,a0b977268e0f160ca5f4756e240138b9f818122d942c4cbebc3185421e35f93c,ae07dc0c361a3d1c2aa6fadcf6300ece0ca1da6904283e02d20b3bee2cb4761b,0.003601641,0.082171564,0000
355,001a,0010,e3b0c44298fc1c149afbf4c8996fb92427ae41e4649b934ca495991b7852b855,5ecfd1b7ec50c05cd1d55caad277831c0371d455dc6adbb82b5468de4acdd4ce,21d607a666670d93f3009a056ae5524f47fa071ae27654dc1e30bdf5c43b9a00,c5e536361221d6cc36d7fba4254a2e8a0a560ac6eb7c00cc979a4ab70faa3ae5,972f73882045ed27f2c061c49cca4a02ef3d64021746714086aab3fed96a53a0,26ec4021e615be5b2de99a82ec665446527db2d9c9735806e245848c74a6af0b,78fac6e562b5a4287e635c67e9efd29412a055457153986dcdecf4576cf15b15,f1339e7199642a9a9d37c3a4bb2032056780e6cb1d4fad5aef9ed382286d8fd4,0.003765162,0.082364222,0000
356,001a,0010,e3b0c44298fc1c149afbf4c8996fb92427ae41e4649b934ca495991b7852b855,5c3f9aee412e6b0f71de484243c068e77b78949a660eb7acc93f47b5073bea6f,e028dc2b663c70df23fcb2f5b71fe9b0af1b627f6ad46e2832f5d22c7e2b122b,c5e536361221d6cc36d7fba4254a2e8a0a560ac6eb7c00cc979a4ab70faa3ae5,972f73882045ed27f2c061c49cca4a02ef3d64021746714086aab3fed96a53a0,26ec4021e615be5b2de99a82ec665446527db2d9c9735806e245848c74a6af0b,759fa26991c3382f0d737510097b7b369ea051c18b58cddaff7e3d7754984345,a1740a71eaabed0b21793313d65c855fa58ae306f26b26f43f62364d91a05b77,0.003807568,0.082190350,0000
357,001a,0010,e3b0c44298fc1c149afbf4c8996fb92427ae41e4649b934ca495991b7852b855,92fdc6ce73f6c54f96bd9c50a327cc4977b6719fd21dcc8648bcc131d4bf5c85,bb8cc29590a781327b98d45bd9e96f3ff31ba6c6b9d8282cfea5634c52205b69,c5e536361221d6cc36d7fba4254a2e8a0a560ac6eb7c00cc979a4ab70faa3ae5,972f73882045ed27f2c061c49cca4a02ef3d64021746714086aab3fed96a53a0,26ec4021e615be5b2de99a82ec665446527db2d9c9735806e245848c74a6af0b,07bff7dd5f97f2500a07fbb4634b4821f94ce82a534c5d1e0229c52cf2b2b199,39953c72fadff8894bf3f584a8eca11e047be45715f91be6b247c5279e2917b5,0.003755641,0.082217621,0000
358,001a,0010,e3b0c44298fc1c149afbf4c8996fb92427ae41e4649b934ca495991b7852b855,69f570b755f6ccca12c2d6bfe0b9df42279f97adffaa1340b1d0756ce8a16b7e,00970c2aeff82cbb2f56ffe53c98140c056d95b607f78b5b516b2858f964f3d8,c5e536361221d6cc36d7fba4254a2e8a0a560ac6eb7c00cc979a4ab70faa3ae5,972f73882045ed27f2c061c49cca4a02ef3d64021746714086aab3fed96a53a0,26ec4021e615be5b2de99a82ec665446527db2d9c9735806e245848c74a6af0b,fcb8b962af2f27185ca4268ad4ea98e7c44cb8778f39f0b77d6be949c2c96f20,7e273fddec470edfdda4042e8934cd19db6af9a0caf4cb5763068428031ee9a5,0.003762027,0.082215743,0000
359,001a,0010,e3b0c44298fc1c149afbf4c8996fb92427ae41e4649b934ca495991b7852b855,bab284b431aec1ef5d9f890fdedbe2ff51408eb2cc72e757b997f05cab9ee9fd,1342a461b9a7b3a46a3126be603fcfb79526584afc1a57d8e5cc7376c1b4d1c6,c5e536361221d6cc36d7fba4254a2e8a0a560ac6eb7c00cc979a4ab70faa3ae5,972f73882045ed27f2c061c49cca4a02ef3d64021746714086aab3fed96a53a0,26ec4021e615be5b2de99a82ec665446527db2d9c9735806e245848c74a6af0b,afe9c10f30bddd9fb5d1a6aa0c733f4338d74c8e59e6901e7c1e2886f3df3e30,b4b555bcfa0a95540f92a49b08e93335041b20d33801b875a21cdeb1677f1c92,0.003533366,0.082154631,0000
360,001a,0010,e3b0c44298fc1c149afbf4c8996fb92427ae41e4649b934ca495991b7852b855,aab1ddb7230892b2405691c1fbb5acbfce26bca231038530d708091dba80af50,dfeb0371a36796425b3367a8794bb07119ae4ee3046fa7a0af59a9e9e919f7df,c5e536361221d6cc36d7fba4254a2e8a0a560ac6eb7c00cc979a4ab70faa3ae5,972f73882045ed27f2c061c49cca4a02ef3d64021746714086aab3fed96a53a0,26ec4021e615be5b2de99a82ec665446527db2d9c9735806e245848c74a6af0b,3128d15a7979dfc7a9d4661f772b726bad1db6188ea967421393d3c4b7efdd35,53c019470e8e6fcc108dd6464d42ca9958353cbf148a7a66eb03610500f5e995,0.003776505,0.082499971,0000
361,001a,0010,e3b0c44298fc1c149afbf4c8996fb92427ae41e4649b934ca495991b7852b855,07b6560f8f5a831c680e477f2d3161ffa7733888cc70ff8a77ec074cc1f4a8f1,87db2339ce9a7517a2e84e38116cb6e055c44e6e50ee837a014e1f3c1bb0acc7,c5e536361221d6cc36d7fba4254a2e8a0a560ac6eb7c00cc979a4ab70faa3ae5,972f73882045ed27f2c061c49cca4a02ef3d64021746714086aab3fed96a53a0,26ec4021e615be5b2de99a82ec665446527db2d9c9735806e245848c74a6af0b,a12a1ac05d7a5baf01973f61e128cfcdf692ad873eb9fcad46697d9034d8c9d5,4a9086a2a5921915e1508088585ef57d8ac70978ad95ed0f838102eb1b180d59,0.003783448,0.082189089,0000
362,001a,0010,e3b0c44298fc1c149afbf4c8996fb92427ae41e4649b934ca495991b7852b855,1bdd9284894d61f54cabc08d4cb564ff773f48b86aedd8f3678de2e435f92896,bbd10286753e9e98db6bc06e47401697370af1c90ba8711df42a07b70d4d7f05,c5e536361221d6cc36d7fba4254a2e8a0a560ac6eb7c00cc979a4ab70faa3ae5,972f73882045ed27f2c061c49cca4a02ef3d64021746714086aab3fed96a53a0,26ec4021e615be5b2de99a82ec665446527db2d9c9735806e245848c74a6af0b,9b94bce6039d83c15ba125bb6395f22ef9d6eeb9d2470d70082a871497f667fc,ec1e403e7faf8ec818f57ac6cb5a9a97fc02f16168cf3244ed6b7631b99cda2c,0.003796603,0.082183467,0000
363,001a,0010,e3b0c44298fc1c149afbf4c8996fb92427ae41e4649b934ca495991b7852b855,7900960e2a707468c84a6e4747aee080416950128f7596ae86d8373ace2aad3d,00b2153e84b571e5bc36e6d3b2d0ad284a31bed751d54461518331554fe69867,c5e536361221d6cc36d7fba4254a2e8a0a560ac6eb7c00cc979a4ab70faa3ae5,972f73882045ed27f2c061c49cca4a02ef3d64021746714086aab3fed96a53a0,26ec4021e615be5b2de99a82ec665446527db2d9c9735806e245848c74a6af0b,bf2936649d7522e45783fa1bcf28b47abd451b523885fdb852541a445aaedd9f,4bdab3544b3171ffdaf8ed13ca21f1ff1fcd4fbc692151d489c1e34eeb727c68,0.003754409,0.082204846,0000
364,001a,0010,e3b0c44298fc1c149afbf4c8996fb92427ae41e4649b934ca495991b7852b855,8a84b9a10e8f90b40f94423fb79654d87a2502a348fca06485881a1a1d5e9624,894e7fa9ffd5c7f2d7ca122ec390a25ad236577fa096464a7a5aa3dbd571a887,c5e536361221d6cc36d7fba4254a2e8a0a560ac6eb7c00cc979a4ab70faa3ae5,972f73882045ed27f2c061c49cca4a02ef3d64021746714086aab3fed96a53a0,26ec4021e615be5b2de99a82ec665446527db2d9c9735806e245848c74a6af0b,2f1a330fe917dc97dd7dc09e57602148baf7edf8ed1aac495af795601bfbdead,03e49bdb6611d41a505171782b04c52971e844a31ff230d8ce5e912e19294a0b,0.003778707,0.082205946,0000
365,001a,0010,e3b0c44298fc1c149afbf4c8996fb92427ae41e4649b934ca495991b7852b855,dbf66c85e43ab29f6654fa81bfb6c5d8e5ea718e7a6e8b88571f1d7e7808df2c,0657d2fe2ef7a5b621508225ca900170176b3e9f8a059629ce41653ab97050ec,c5e536361221d6cc36d7fba4254a2e8a0a560ac6eb7c00cc979a4ab70faa3ae5,972f73882045ed27f2c061c49cca4a02ef3d64021746714086aab3fed96a53a0,26ec4021e615be5b2de99a82ec665446527db2d9c9735806e245848c74a6af0b,d825cf25df1b68039dd5a957ad7383656965f412b965155cf3b0876bc0395298,5e67e8d614f9d0b0440eca2112b2fdf75c5b05006360690a16a14033ac6e427f,0.003775761,0.082199129,0000
366,001a,0010,e3b0c44298fc1c149afbf4c8996fb92427ae41e4649b934ca495991b7852b855,25bd108b97cf2d31ba16886730b812e4cfc1a883bb628e65bcf14734d8b1f61b,6867cf96ddaaf1700c8b44b3584949c9d03fe5a5d7aa21017a7a83f9fcd2f589,c5e536361221d6cc36d7fba4254a2e8a0a560ac6eb7c00cc979a4ab70faa3ae5,972f73882045ed27f2c061c49cca4a02ef3d64021746714086aab3fed96a53a0,26ec4021e615be5b2de99a82ec665446527db2d9c9735806e245848c74a6af0b,22cec0d1f4b1adeeb78de1eb2f80c9acc2e744798413f80e0e6af97040e0d016,98b7d5b537a8874d025bac2c7ff604087286c1fe02b5f97cd1e20c748472f016,0.003794349,0.082204972,0000
367,001a,0010,e3b0c44298fc1c149afbf4c8996fb92427ae41e4649b934ca495991b7852b855,e083f5ff5f582f56c7cb86714d7d7f34a4588e544b1ee9fab5bedb8d2f3e7456,53d671ec6eb8003d35f56454ab74ab87fa1a13a1aaaf8bc1d97ed2af3b427b18,c5e536361221d6cc36d7fba4254a2e8a0a560ac6eb7c00cc979a4ab70faa3ae5,972f73882045ed27f2c061c49cca4a02ef3d64021746714086aab3fed96a53a0,26ec4021e615be5b2de99a82ec665446527db2d9c9735806e245848c74a6af0b,26bb8ca21e366f6f11963882d712377d908206639792fb7488d1bf4c7bfe3bf5,08dfacfdffd2f6296b1abbb52f2f0ec5383a710725e93a73776233e6ebe93d18,0.003804021,0.082155400,0000
368,001a,0010,e3b0c44298fc1c149afbf4c8996fb92427ae41e4649b934ca495991b7852b855,7aec1543b505c7fd3320f1c5137f81fc20dc502907e7f95023c108ed96334d65,c778f39d0af947da11ef467b6a7d7da74247e8c51a85d6d8a39a1d95850c45cd,c5e536361221d6cc36d7fba4254a2e8a0a560ac6eb7c00cc979a4ab70faa3ae5,972f73882045ed27f2c061c49cca4a02ef3d64021746714086aab3fed96a53a0,26ec4021e615be5b2de99a82ec665446527db2d9c9735806e245848c74a6af0b,0d5426f13b1be39cdcb9f712fb8d3fd437fd90de6ec935b55f11ebf7ee43b727,fe805480de9fdc2d64d7dfb2e9429548c81eb8b927858b10efdc58405e3ace55,0.003760334,0.082194842,0000
369,001a,0010,e3b0c44298fc1c149afbf4c8996fb92427ae41e4649b934ca495991b7852b855,330a6f2bfb5051486eba8834074f868d1a67639b9bc453cc230b87dc53644938,991f9865c98235ddc154952e4c279d1fefa414d24a8ce0020dc9cd331dc1db55,c5e536361221d6cc36d7fba4254a2e8a0a560ac6eb7c00cc979a4ab70faa3ae5,972f73882045ed27f2c061c49cca4a02ef3d64021746714086aab3fed96a53a0,26ec4021e615be5b2de99a82ec665446527db2d9c9735806e245848c74a6af0b,2c360db7974769ebbd60456e7aeb50785ad8f2a072a86477d96dc10af0d1c2ad,e61aacc3e41d1237eab0f0ddf44e12ff260c9918f95fb476fe3e32d12d2fdff2,0.003764870,0.082214099,0000
370,001a,0010,e3b0c44298fc1c149afbf4c8996fb92427ae41e4649b934ca495991b7852b855,44cba9e7438d5edc2cc37be648ae7562c89362cab956e779f9b04c694e90b5db,6e4fe3486fa6139dfe71c3bd11e5f1a19c41bf7729cba516d0214036bd021cf1,c5e536361221d6cc36d7fba4254a2e8a0a560ac6eb7c00cc979a4ab70faa3ae5,972f73882045ed27f2c061c49cca4a02ef3d64021746714086aab3fed96a53a0,26ec4021e615be5b2de99a82ec665446527db2d9c9735806e245848c74a6af0b,d8bb4a14961f558172e95526ec30bccd38d897955c47843c24abd821384cbde0,fed051f6ed8b992b1dfcbac15d70484c655d21d76735efb9ac7cf7c5adbffa48,0.003793720,0.082263346,0000
371,001a,0010,e3b0c44298fc1c149afbf4c8996fb92427ae41e4649b934ca495991b7852b855,89bf08b1f9382c009d0ce38e670705dcf298d7d761d51d351d4ed97ee0fae403,930663467c315f74f52c9b737f23accc1dd92bd4c65bf9c72c7d11d13db82c3d,c5e536361221d6cc36d7fba4254a2e8a0a560ac6eb7c00cc979a4ab70faa3ae5,972f73882045ed27f2c061c49cca4a02ef3d64021746714086aab3fed96a53a0,26ec4021e615be5b2de99a82ec665446527db2d9c9735806e245848c74a6af0b,60901a9456ec332ec789c014484c7ad9684ab9ad64f4a04541a65fc5041e3e8e,568b18e27b89be63bb3d2ab367707fb754d8d2cf4966107b28ff5c4737400768,0.003758121,0.082156715,0000
372,001a,0010,e3b0c44298fc1c149afbf4c8996fb92427ae41e4649b934ca495991b7852b855,325c6dc1a0f916a8e2ef2abdfe5bb33a3dbefab1ecb5f3165a689cd1d6704964,c41a4adb848eb912491ee3bfd74d5b9d5003880c8f629aeaa92fab540fad4581,c5e536361221d6cc36d7fba4254a2e8a0a560ac6eb7c00cc979a4ab70faa3ae5,972f73882045ed27f2c061c49cca4a02ef3d64021746714086aab3fed96a53a0,26ec4021e615be5b2de99a82ec665446527db2d9c9735806e245848c74a6af0b,417cba1f452a0e9a40d3d20f551a4b46f5eefb10b862933cc0fd5d0cb67dd6e6,f237e87a8c07d5815ecb05d9df2d981b9e4ea552e78c99c9bcc0a7efe0dc6a3a,0.003795423,0.082181966,0000
373,001a,0010,e3b0c44298fc1c149afbf4c8996fb92427ae41e4649b934ca495991b7852b855,b56000e5572bc29d0e4067e8d51e357ade482a15e2d58093050e4b994eb5b304,9058b2c848c44ab22b3473e2430da65814c36cfa77bf0b79d60e0e19741185e4,c5e536361221d6cc36d7fba4254a2e8a0a560ac6eb7c00cc979a4ab70faa3ae5,972f73882045ed27f2c061c49cca4a02ef3d64021746714086aab3fed96a53a0,26ec4021e615be5b2de99a82ec665446527db2d9c9735806e245848c74a6af0b,f7e3c39dbe098eba0d1af8869867ffb384744c7e2e21df1eeeded68d40a50df7,a02d1824f61d43562e090c5726d6db1d91f7173c6f7aca08ac28b2ebf0fa7f6e,0.003773213,0.082204099,0000
374,001a,0010,e3b0c44298fc1c149afbf4c8996fb92427ae41e4649b934ca495991b7852b855,c6f29f14e0140ec051dc342be37dd39d901a628cb035596ad000a5a3bd1d0418,75a4c16ca4d7641ea86ad2f5a16fe1b68e222b84223c5297ed997c0b312f131d,c5e536361221d6cc36d7fba4254a2e8a0a560ac6eb7c00cc979a4ab70faa3ae5,972f73882045ed27f2c061c49cca4a02ef3d64021746714086aab3fed96a53a0,26ec4021e615be5b2de99a82ec665446527db2d9c9735806e245848c74a6af0b,3fdeb43ae742958f7901d0f6d0874731894ee4f508ddb7301f599ef7842ab8ca,06886ba795a8fdf3bec1628c480f093704f1aae57dd41061c05ceaa5fb5a391c,0.003797879,0.082171512,0000
375,001a,0010,e3b0c44298fc1c149afbf4c8996fb92427ae41e4649b934ca495991b7852b855,3daa1bf6302ca41d28f4969985511c956d06abd621c4a24f881d9097aa10f96c,c986a68ac689df4464275ddc7148e382d5ac477e788c93388e9df0249467d6cb,c5e536361221d6cc36d7fba4254a2e8a0a560ac6eb7c00cc979a4ab70faa3ae5,972f73882045ed27f2c061c49cca4a02ef3d64021746714086aab3fed96a53a0,26ec4021e615be5b2de99a82ec665446527db2d9c9735806e245848c74a6af0b,3d92606a5afe21ac1aebcb0a6f27b592e076664c8805c4e6413c03996b38e0d2,a5ce10e514be553927f0d941477d1dbdb38acdebf9811c417978383386e033f6,0.003759844,0.082212760,0000
376,001a,0010,e3b0c44298fc1c149afbf4c8996fb92427ae41e4649b934ca495991b7852b855,8ed04ef6804413218869a62872ddbc93459aebbf5da9e95642d2c536bc1b0547,4870b21a197ffa3453fb483df54fd54562ddb692f37fe861644b82c2d7be32ed,c5e536361221d6cc36d7fba4254a2e8a0a560ac6eb7c00cc979a4ab70faa3ae5,972f73882045ed27f2c061c49cca4a02ef3d64021746714086aab3fed96a53a0,26ec4021e615be5b2de99a82ec665446527db2d9c9735806e245848c74a6af0b,5679ad4cba33837a743312e3a60fde1a03671e2b430c99266b08e46bb2b968d7,bedd32a698c41e8ca6fc45fa0c3fe69781818e7dd1a8fcd876b211349f8d0990,0.003779521,0.082208802,0000
377,001a,0010,e3b0c44298fc1c149afbf4c8996fb92427ae41e4649b934ca495991b7852b855,250d2eca91ec84e67594a8e01ee86e4c277131894d58c9d9aaa780552fca9295,ab5bce3ee3d4133a9e13c6d375a2d0cde86956823d1ed42fa5f71a221dca4aa5,c5e536361221d6cc36d7fba4254a2e8a0a560ac6eb7c00cc979a4ab70faa3ae5,972f73882045ed27f2c061c49cca4a02ef3d64021746714086aab3fed96a53a0,26ec4021e615be5b2de99a82ec665446527db2d9c9735806e245848c74a6af0b,e14af724e1f2fa05de68b8f706aa8a8d3662162d20eb193751099a4f7d124ffc,d0fc7a1afbb74ef400ddd5592fabac72b2f77026e843bfaffe6b0842720c68a3,0.003801669,0.082171801,0000
378,001a,0010,e3b0c44298fc1c149afbf4c8996fb92427ae41e4649b934ca495991b7852b855,dfa62be4704af34dda01ced040258a42061be9479f93139a159133b89c77bc0b,3c9a82d7935afea252133da7dfd7d10c36311f60efe89ad66dd971c7ef8288b4,c5e536361221d6cc36d7fba4254a2e8a0a560ac6eb7c00cc979a4ab70faa3ae5,972f73882045ed27f2c061c49cca4a02ef3d64021746714086aab3fed96a53a0,26ec4021e615be5b2de99a82ec665446527db2d9c9735806e245848c74a6af0b,c29ee6ebcb660daac05abf17f82e2fa4c717f96890add895c7ae69f10e119706,c0b39d23db1036ba5d6926b6947b1c859fcd7d25b0dc4528c895119f55811617,0.003632682,0.082247096,0000
379,001a,0010,e3b0c44298fc1c149afbf4c8996fb92427ae41e4649b934ca495991b7852b855,e119a62678e7934917a76775393551ea1931f29bd6f52f462a80a797bcbaedd3,75a252359293004443c1e9849586497ab7f5ec0799004ce3e8cfbcc43b090b96,c5e536361221d6cc36d7fba4254a2e8a0a560ac6eb7c00cc979a4ab70faa3ae5,972f73882045ed27f2c061c49cca4a02ef3d64021746714086aab3fed96a53a0,26ec4021e615be5b2de99a82ec665446527db2d9c9735806e245848c74a6af0b,1e4b80d11a899933067e716a251bb5e0d3bd235ce6c31245fc4ee52079949852,167db9bb6ea66ae4aa7571c21f4c6779d08ed5708d72429fc9cebed7e92d9e78,0.003760660,0.082290725,0000
380,001a,0010,e3b0c44298fc1c149afbf4c8996fb92427ae41e4649b934ca495991b7852b855,4c50d9a083e625c4cc45db6a7dca29d2245d07a83cd6b62d349cd6ae252d8b7f,3f87e152f2e97b9c359d29d1a02b4b0a470990e3ee4f312e1060e2eaa2946796,c5e536361221d6cc36d7fba4254a2e8a0a560ac6eb7c00cc979a4ab70faa3ae5,972f73882045ed27f2c061c49cca4a02ef3d64021746714086aab3fed96a53a0,26ec4021e615be5b2de99a82ec665446527db2d9c9735806e245848c74a6af0b,0c41c104af9b689dec246fb46324b8d1ecfa0d4fb3e5f2ac689930162467247f,b79a3af451ab96afbf0421b6575ac10dce897354aae49d47ad934f7cd7f1eb88,0.003763361,0.082205564,0000
381,001a,0010,e3b0c44298fc1c149afbf4c8996fb92427ae41e4649b934ca495991b7852b855,41c1d212ca66cce086e7ff882213f25a171fef40a40651e8b4d8021e04a21661,66ddd371d6916c74d8833a85f79ec555c12aae159ba68fd65fdec3adedfadb07,c5e536361221d6cc36d7fba4254a2e8a0a560ac6eb7c00cc979a4ab70faa3ae5,972f73882045ed27f2c061c49cca4a02ef3d64021746714086aab3fed96a53a0,26ec4021e615be5b2de99a82ec665446527db2d9c9735806e245848c74a6af0b,f3b4c4099376c097e882512b1d357e07d7affd862d9966f56e8de644357fb786,c3d5b93e196dfd8797a72ee6711c11f9c1a7f1a6d948b36e697408e156f7ed6d,0.003777896,0.082214293,0000
382,001a,0010,e3b0c44298fc1c149afbf4c8996fb92427ae41e4649b934ca495991b7852b855,f47795aa8be15899957dcad347c89a91f95db25b298a69e28a9ee13597a5db5e,d71e191c7909baddab520fb4b1baf2215659312d18a25a78b4de912ba3418223,c5e536361221d6cc36d7fba4254a2e8a0a560ac6eb7c00cc979a4ab70faa3ae5,972f73882045ed27f2c061c49cca4a02ef3d64021746714086aab3fed96a53a0,26ec4021e615be5b2de99a82ec665446527db2d9c9735806e245848c74a6af0b,acce2069307b6397f706ac93f85a71dbe02ad20bd768fbf3d64fa61c72fb561f,3325807de2cf034f8e3eb484bc40db283a366c026303ca63bfb8d7aa9030f1e2,0.003763459,0.082198126,0000
383,001a,0010,e3b0c44298fc1c149afbf4c8996fb92427ae41e4649b934ca495991b7852b855,56cc1cfface12fdc55fcd4c076fb4de2437983881e4d4d45cd179219b07c4ea5,3ee2979f2a20b97fec6c057060262c64fba10f671437459bde3508679cd213cd,c5e536361221d6cc36d7fba4254a2e8a0a560ac6eb7c00cc979a4ab70faa3ae5,972f73882045ed27f2c061c49cca4a02ef3d64021746714086aab3fed96a53a0,26ec4021e615be5b2de99a82ec665446527db2d9c9735806e245848c74a6af0b,d317715e8139ac7dd5726e5a09cb36af39e40d62edf11e214178c959913c10db,5d4b50eaf9b9b61f52757017ff0163e5e5e6c931733b5b68502e659a9eb5e581,0.003735536,0.082246479,0000
384,001a,0010,e3b0c44298fc1c149afbf4c8996fb92427ae41e4649b934ca495991b7852b855,b52346b02812eccf8cf97ef451f4cf4a88abe6d3415bded9fbec49cebbf35030,574781b995e6cf3ccc699f6db768f8fb7c5ded245a180047c41042d4270a9740,c5e536361221d6cc36d7fba4254a2e8a0a560ac6eb7c00cc979a4ab70faa3ae5,972f73882045ed27f2c061c49cca4a02ef3d64021746714086aab3fed96a53a0,26ec4021e615be5b2de99a82ec665446527db2d9c9735806e245848c74a6af0b,bd0ed0c96309dca6e25b69e76b2b88080f9484a700447e791352436501e09b35,4fe2d22c217dde04ec51ecd0c202cf30d2c832bc5733e7807bd64f7f68923e43,0.003765864,0.082190724,0000
385,001a,0010,e3b0c44298fc1c149afbf4c8996fb92427ae41e4649b934ca495991b7852b855,d0cd528e836ea7d1bc83e5ca80ddafb935ba9eb0eceba3fb6796e945b80cb8a3,83077e892555bc63c6dd86ec301ce29e8fbbc67b7187dea810084c03319fef49,c5e536361221d6cc36d7fba4254a2e8a0a560ac6eb7c00cc979a4ab70faa3ae5,972f73882045ed27f2c061c49cca4a02ef3d64021746714086aab3fed96a53a0,26ec4021e615be5b2de99a82ec665446527db2d9c9735806e245848c74a6af0b,d224a70d1c120e6e86d182998e93a8f615f5387597c918d068d2cda17782f164,44f941a44c9cbc3a3f074cb7fbdccc4e914155dda80cd53bd8adff92a4bfc003,0.003747610,0.082248687,0000
386,001a,0010,e3b0c44298fc1c149afbf4c8996fb92427ae41e4649b934ca495991b7852b855,cc71cf65ba0fd757a1910f824d93e0b4760bc4d78ed0c53941c1d8d88126dbd4,447fa86077846d29733e140167006a7c018c998e06f2cc4cc49a8906cd5e515d,c5e536361221d6cc36d7fba4254a2e8a0a560ac6eb7c00cc979a4ab70faa3ae5,972f73882045ed27f2c061c49cca4a02ef3d64021746714086aab3fed96a53a0,26ec4021e615be5b2de99a82ec665446527db2d9c9735806e245848c74a6af0b,75357bb4bbe63270b8eb26f17acae622e7a03848585559e1e912bd2936d0438b,010feda979c0ee992daad157d025c299ed45f2497e85c3698290ff0b03db8df9,0.003573204,0.082213365,0000
387,001a,0010,e3b0c44298fc1c149afbf4c8996fb92427ae41e4649b934ca495991b7852b855,376b043906a20f9817cdf17af1b860933d8f3c164c39500da7be7983f32f9ca5,7aa8b7bdb609ba75d30b1c8d8438868a3172b3c2e34a7301877b2c3f2996a354,c5e536361221d6cc36d7fba4254a2e8a0a560ac6eb7c00cc979a4ab70faa3ae5,972f73882045ed27f2c061c49cca4a02ef3d64021746714086aab3fed96a53a0,26ec4021e615be5b2de99a82ec665446527db2d9c9735806e245848c74a6af0b,2e2d93405e1b1371ef6d6f49359d133137e5b15ddae912f2aac8a3bf88a024d2,96770492acdec3f5fa7bfc96a8434fb39ccec721520d94e170b130a07e235787,0.003761661,0.082353743,0000
388,001a,0010,e3b0c44298fc1c149afbf4c8996fb92427ae41e4649b934ca495991b7852b855,e907a4292e82f3fb95ee1142ee4f7db7d59fa7482647a05f40c3c8a7844f0291,5cb2397228431adb0bad02b22fee2813abee6f0e7ed74eb08050311803034060,c5e536361221d6cc36d7fba4254a2e8a0a560ac6eb7c00cc979a4ab70faa3ae5,972f73882045ed27f2c061c49cca4a02ef3d64021746714086aab3fed96a53a0,26ec4021e615be5b2de99a82ec665446527db2d9c9735806e245848c74a6af0b,c79ae1c02d400cc5a6eacdf9589535445b28ae06fabcbf6370d1fc49265b77a8,850073a415849d9fecedde3048e2a1f661890a73e29c53b5e5a54ddbccfb7e1b,0.003720749,0.082285202,0000
389,001a,0010,e3b0c44298fc1c149afbf4c8996fb92427ae41e4649b934ca495991b7852b855,30bd630c4463677febf58eaf04f53143fcc9cfd1972043285a96bdd220303939,45dd0c525e55c1d3abe937c2f4a3aa0ec0e8829bbeb8a58013255012e45af89c,c5e536361221d6cc36d7fba4254a2e8a0a560ac6eb7c00cc979a4ab70faa3ae5,972f73882045ed27f2c061c49cca4a02ef3d64021746714086aab3fed96a53a0,26ec4021e615be5b2de99a82ec665446527db2d9c9735806e245848c74a6af0b,d2be10a17f377e9b26d7cbd6cbd8221deb9326e56100cd1e52a00578ccf537a6,1b8ac6843788e6506a3accb0491f1b9d28e64ae473cb86e5e3734e9c78ca3226,0.003720899,0.082255306,0000
390,001a,0010,e3b0c44298fc1c149afbf4c8996fb92427ae41e4649b934ca495991b7852b855,a36b1fa0ef2a6d87f9e515e1d64241bc3848e01661652e2961f1e65f8d8a7945,fc7852c3d05632a5a961a55c1e31b01e73436b465f35ae0d4867b804ed1b091c,c5e536361221d6cc36d7fba4254a2e8a0a560ac6eb7c00cc979a4ab70faa3ae5,972f73882045ed27f2c061c49cca4a02ef3d64021746714086aab3fed96a53a0,26ec4021e615be5b2de99a82ec665446527db2d9c9735806e245848c74a6af0b,2d58c0c649b593911f81bca93c0041c27e9e69aacd63276672036b203ed41edb,309fb657beadd8c6704ab82b6d6bc0f43bebb35c84dea9055a4cddcda73074fc,0.003798235,0.082214533,0000
391,001a,0010,e3b0c44298fc1c149afbf4c8996fb92427ae41e4649b934ca495991b7852b855,485796aa13e957e80334b26e4afa88480c955b8a8e78a56643c60a018f454f0b,b9a21675aa4dc32804d6394ef91a9abf9ac20a62111ad481203c98784c3c2fe2,c5e536361221d6cc36d7fba4254a2e8a0a560ac6eb7c00cc979a4ab70faa3ae5,972f73882045ed27f2c061c49cca4a02ef3d64021746714086aab3fed96a53a0,26ec4021e615be5b2de99a82ec665446527db2d9c9735806e245848c74a6af0b,6ea44691fcd6bb0b8f9caebd537221db1c01560ea2a6be5d833de27b9e973da2,416e360181a86a5e8b77b2d2f3ffb52ffd6f2895be52817309bf79e781a5252b,0.003766456,0.082187144,0000
392,001a,0010,e3b0c44298fc1c149afbf4c8996fb92427ae41e4649b934ca495991b7852b855,571603e5b75e507721a0e201977aa5c6e37c07ceec45977f32674e16d95f6635,7f0e25a09f25a84b0d21cc8972f44aebfef8462131da4ef77f0e5ca5df21df08,c5e536361221d6cc36d7fba4254a2e8a0a560ac6eb7c00cc979a4ab70faa3ae5,972f73882045ed27f2c061c49cca4a02ef3d64021746714086aab3fed96a53a0,26ec4021e615be5b2de99a82ec665446527db2d9c9735806e245848c74a6af0b,0da6d785fab4d665150191ea89d41109f9e0b24cf757f96b1143774b572b8bb0,8256ead6a3d38cb741fc6f1cc4c6bfbf6ceb591837e85fa09cadb16802f831a1,0.003792395,0.082187973,0000
393,001a,0010,e3b0c44298fc1c149afbf4c8996fb92427ae41e4649b934ca495991b7852b855,8850755b28d060c4d9ca6b10d80c6ef9754b4d8649847d1773d45aea497fa6f3,41afcf225d41d62b2d1fe118e877258802de6d8d66bc065da3c389efe50cfdfd,c5e536361221d6cc36d7fba4254a2e8a0a560ac6eb7c00cc979a4ab70faa3ae5,972f73882045ed27f2c061c49cca4a02ef3d64021746714086aab3fed96a53a0,26ec4021e615be5b2de99a82ec665446527db2d9c9735806e245848c74a6af0b,d365a68d1379e211bd09736983dbbf887c3a8552b93acb34e6bd92e7e0431c87,75abe7b7c74f25978d906e0131d7c1083a048e3ca2090692a1a84585ff778eb1,0.003780585,0.082197560,0000
394,001a,0010,e3b0c44298fc1c149afbf4c8996fb92427ae41e4649b934ca495991b7852b855,252e848f3698d88555053fa144265f98968b5cdd84455cb283e47f32120a6380,5a8a00d6869a4ab2c22a9f10aa1cea4b18631aed70f4a967ed9f1f703828d121,c5e536361221d6cc36d7fba4254a2e8a0a560ac6eb7c00cc979a4ab70faa3ae5,972f73882045ed27f2c061c49cca4a02ef3d64021746714086aab3fed96a53a0,26ec4021e615be5b2de99a82ec665446527db2d9c9735806e245848c74a6af0b,3a673bd9abb9b789c7ea51666f4828c008543d2e3eb62519387fdd30205893d3,8eb5fc71a77d2209814eeac48eb9cf7a2a78fc1decf9e396dbfb3869474d7afe,0.003737205,0.082198094,0000
395,001a,0010,e3b0c44298fc1c149afbf4c8996fb92427ae41e4649b934ca495991b7852b855,e453c1a19cb5164ff7739d4a42ffd1eb435d332db8888dcf86931a6d8d11d1a1,1a824c1cf8da24e673a476942bf8459e07a8ca65b2506e4954fbf32a3bee33f5,c5e536361221d6cc36d7fba4254a2e8a0a560ac6eb7c00cc979a4ab70faa3ae5,972f73882045ed27f2c061c49cca4a02ef3d64021746714086aab3fed96a53a0,26ec4021e615be5b2de99a82ec665446527db2d9c9735806e245848c74a6af0b,6bce259cce835c69c1cee4f1edec9ee906e51b0af11a85a6a2ac7077570b95ab,1f9f21bf235cb3c2d876e7bedc15aee19a3af53fd779254e89284c392abeba20,0.003798063,0.082214299,0000
396,001a,0010,e3b0c44298fc1c149afbf4c8996fb92427ae41e4649b934ca495991b7852b855,d44f226baf54356c57422c1a250de91e957e82d2e29b8d0bf97fe97e106225e5,f97e9f7336c145700cd92232d07cf237c1f7b050321cc6cbdd31e7d1231f4b94,c5e536361221d6cc36d7fba4254a2e8a0a560ac6eb7c00cc979a4ab70faa3ae5,972f73882045ed27f2c061c49cca4a02ef3d64021746714086aab3fed96a53a0,26ec4021e615be5b2de99a82ec665446527db2d9c9735806e245848c74a6af0b,2c278b7046d02ccf73b8a863457af9974f511cc91ba1ecbdb8d4aa3fca278c9f,34852ffcf5c4741f454f79de1a8bf960f24f198c2b78f48f6c4c2b39ed477673,0.003773329,0.082199285,0000
397,001a,0010,e3b0c44298fc1c149afbf4c8996fb92427ae41e4649b934ca495991b7852b855,99ddab0822e3383bd012e233d06ef0b45ea069773013ddfe63c36de504b4f8f6,bbed4400a73a497118e08e35adef89ed5c0944c354709bfe5c68f7181270ffb4,c5e536361221d6cc36d7fba4254a2e8a0a560ac6eb7c00cc979a4ab70faa3ae5,972f73882045ed27f2c061c49cca4a02ef3d64021746714086aab3fed96a53a0,26ec4021e615be5b2de99a82ec665446527db2d9c9735806e245848c74a6af0b,566c9ba4986629cd22388f5a0f733fd6adbc399c975d335f196b4f1dbcc7e76d,164f1ec271e65f9ed228170c17353d762d464f7eb21d0e0a48e950d209226386,0.003794606,0.082191881,0000
398,001a,0010,e3b0c44298fc1c149afbf4c8996fb92427ae41e4649b934ca495991b7852b855,2c9ddedb0bf519c8b9e778bc68806622a436647e11e0422cf89c557328fde81c,5ff80831b6253e478be6d691222a0e21340826ba4cbf71e2a38315e88d297d61,c5e536361221d6cc36d7fba4254a2e8a0a560ac6eb7c00cc979a4ab70faa3ae5,972f73882045ed27f2c061c49cca4a02ef3d64021746714086aab3fed96a53a0,26ec4021e615be5b2de99a82ec665446527db2d9c9735806e245848c74a6af0b,91a27639735c8bfbe483af982e85a27b6e0e8b60590172f38cec57d62d64ae66,c9e3197a1e045634978426ae71e984e8221a157ba6e57e72bbda9d0466979b1d,0.003808160,0.082170881,0000
399,001a,0010,e3b0c44298fc1c149afbf4c8996fb92427ae41e4649b934ca495991b7852b855,53dc08f4622376ae6afd98f6d549618aa5457af9fc4c7a2b2d50df544afd877c,0975cf9ac774457dd6273c206a779f5120c6c3e22b56d21b31081ebcb0d064ab,c5e536361221d6cc36d7fba4254a2e8a0a560ac6eb7c00cc979a4ab70faa3ae5,972f73882045ed27f2c061c49cca4a02ef3d64021746714086aab3fed96a53a0,26ec4021e615be5b2de99a82ec665446527db2d9c9735806e245848c74a6af0b,2a126626d71bf5e8c07e5dab0083096047bb0677d10e029dcd5bda0a1499af36,406f59f1fea3e264f8693297de1bf23d81ad627d089fd6c83223f51ae1e354d4,0.003762045,0.082193079,0000
400,001a,0010,e3b0c44298fc1c149afbf4c8996fb92427ae41e4649b934ca495991b7852b855,b77b203192a3d54c1defdd488cfec508fb42070d1d8191fe433c12a6bbd30af8,2d74ac0925bcd661ac89522e47561c42423e112c2532be64ad58b67112ee8ff5,c5e536361221d6cc36d7fba4254a2e8a0a560ac6eb7c00cc979a4ab70faa3ae5,972f73882045ed27f2c061c49cca4a02ef3d64021746714086aab3fed96a53a0,26ec4021e615be5b2de99a82ec665446527db2d9c9735806e245848c74a6af0b,930b7203185ec73eb15f09678d6abc237c52b2c503274f7973de6ae096f6b7a9,e429a318b944af7608681f12e4b5a8a3e1563d52dcf00ccd5d99fcd0b81ef032,0.003802240,0.082188130,0000
401,001a,0010,e3b0c44298fc1c149afbf4c8996fb92427ae41e4649b934ca495991b7852b855,38e8c42edb21f1677500c058ec0cec5ba3f49a8420679c5ff705a1b5b6fa0d5f,0670c2a671bab7dad36e8865059073dee49b8bbf011cba002a07c84de277d399,c5e536361221d6cc36d7fba4254a2e8a0a560ac6eb7c00cc979a4ab70faa3ae5,972f73882045ed27f2c061c49cca4a02ef3d64021746714086aab3fed96a53a0,26ec4021e615be5b2de99a82ec665446527db2d9c9735806e245848c74a6af0b,b4561982fbfefbbd42a545ae72ffbc78f0dac18ef17e05574b440cd68a4cfb91,67fd1cef1bf6dd3ed7925d449ad94eea253ac6359549e0e710e09974e38c2466,0.003745157,0.082229229,0000
402,001a,0010,e3b0c44298fc1c149afbf4c8996fb92427ae41e4649b934ca495991b7852b855,40c3ad4ecdc44717d17a4119e7f7771978177a087191bbcfafa0559dd653534f,7baa0e952074d906bc3a81d2a33265ef5e86ff4520c07b242796f0e13af9b448,c5e536361221d6cc36d7fba4254a2e8a0a560ac6eb7c00cc979a4ab70faa3ae5,972f73882045ed27f2c061c49cca4a02ef3d64021746714086aab3fed96a53a0,26ec4021e615be5b2de99a82ec665446527db2d9c9735806e245848c74a6af0b,dea64a01b23f5502586ccea842810d00ec4185fa377eaf89c3050117621d4b9a,5c0d9a91dc522cbb7c4a555014373ded863f8fa33f246c67a7d31e7db9fde43b,0.003756381,0.082226578,0000
403,001a,0010,e3b0c44298fc1c149afbf4c8996fb92427ae41e4649b934ca495991b7852b855,e61bb1343ceb9ae3e3d8ac31b7ca82a07b2a6049762122c3cdfc6ae57f3382b6,f887588bbe301fc3504c1c84d76ed66f160ca5cd74b904e3266ac42a6c72c89d,c5e536361221d6cc36d7fba4254a2e8a0a560ac6eb7c00cc979a4ab70faa3ae5,972f73882045ed27f2c061c49cca4a02ef3d64021746714086aab3fed96a53a0,26ec4021e615be5b2de99a82ec665446527db2d9c9735806e245848c74a6af0b,c8cb8a51af367efca9e510da86f8e8bf4325279c08858c1c5094cdd83efdfe7d,ab0e41d40816d5b0e7a26f26b824e934f590cdbe71f049475647700c26b71b27,0.003789555,0.082186285,0000
404,001a,0010,e3b0c44298fc1c149afbf4c8996fb92427ae41e4649b934ca495991b7852b855,821369be0ec780a4a987d888ac4c9637aa7777e31e5c9a51c9298f757c75ad0b,e5bceeb6664372f47af2dba8fca419f474ad82fba57dda1bf30630a8a78bfff0,c5e536361221d6cc36d7fba4254a2e8a0a560ac6eb7c00cc979a4ab70faa3ae5,972f73882045ed27f2c061c49cca4a02ef3d64021746714086aab3fed96a53a0,26ec4021e615be5b2de99a82ec665446527db2d9c9735806e245848c74a6af0b,653828c88839ee346f993b30c00e5da8bb855443757376717767deebbb48bcb1,d38fe147786fe272a747c7d17a073f1cc329f57d5a6fb0b3a85f7e47d0d30871,0.003769242,0.082195162,0000
405,001a,0010,e3b0c44298fc1c149afbf4c8996fb92427ae41e4649b934ca495991b7852b855,c4b00e8d39a4c541825904a958228931ec5bf424dee02ae4b0bc8d0991fe5594,de5f47b9b90b44a12d2c9093c834acb4a694255f5553f77a024f536acb0f348b,c5e536361221d6cc36d7fba4254a2e8a0a560ac6eb7c00cc979a4ab70faa3ae5,972f73882045ed27f2c061c49cca4a02ef3d64021746714086aab3fed96a53a0,26ec4021e615be5b2de99a82ec665446527db2d9c9735806e245848c74a6af0b,0efa69a13298bb0be698be58923f4197a298f7c191e2f84c704038cd562c6bdb,fdf2928c38796eeed597b65b0e2ab51ea3f7e854f2cfefd04e8c82ee9c5d858a,0.003790401,0.082189546,0000
406,001a,0010,e3b0c44298fc1c149afbf4c8996fb92427ae41e4649b934ca495991b7852b855,6a70c0ff9aed11b29ddcc2d8fe624d69f6788c5333a592c9f4273c05eede0b21,18857abfd0686da42c8aabca3311faa54866cd0f95393b0c9d73fa99874de7ef,c5e536361221d6cc36d7fba4254a2e8a0a560ac6eb7c00cc979a4ab70faa3ae5,972f73882045ed27f2c061c49cca4a02ef3d64021746714086aab3fed96a53a0,26ec4021e615be5b2de99a82ec665446527db2d9c9735806e245848c74a6af0b,6773801e755b3c7574c080a9e46cd243a26b7ae0cac50c52e00525d5ed1f0492,2c98b8b917f14a1c8bb26c3a787fcfe4df2cc127553069030867840ea0f553d2,0.003766730,0.082208216,0000
407,001a,0010,e3b0c44298fc1c149afbf4c8996fb92427ae41e4649b934ca495991b7852b855,e74f105990375c3248f09c661bfc128b1e02f83c6e61d7caa5bc1b511f82ecad,ee3e9d1d02f5f6b5c398c1e7a30b9ed5185312b4919d503d7a4d870596d0ebd4,c5e536361221d6cc36d7fba4254a2e8a0a560ac6eb7c00cc979a4ab70faa3ae5,972f73882045ed27f2c061c49cca4a02ef3d64021746714086aab3fed96a53a0,26ec4021e615be5b2de99a82ec665446527db2d9c9735806e245848c74a6af0b,f1036540a36207b87030cc7e573ca6242a4e87f19c12a65b85e6e3e3eca12f30,df311e1c5129c4c400e7a1cdf5aeb4dbe7ba41062853e1ab271e9f8bad606b6a,0.003759972,0.082217556,0000
408,001a,0010,e3b0c44298fc1c149afbf4c8996fb92427ae41e4649b934ca495991b7852b855,e6b413fb5949afdd46930cbeb34515c05bb3088f4582dc60e5c3ed1267661026,c5be2061f5def7e88b4ed621069f2f2acd376ffd39b57e17d7a838de74bbfa8f,c5e536361221d6cc36d7fba4254a2e8a0a560ac6eb7c00cc979a4ab70faa3ae5,972f73882045ed27f2c061c49cca4a02ef3d64021746714086aab3fed96a53a0,26ec4021e615be5b2de99a82ec665446527db2d9c9735806e245848c74a6af0b,ab8007e2e06b695b0aa629ec1068e2095f802f73ecfbed2a14446340f88c91f2,3a4070a5e2022205b65d406e2a8d3a20175458632b9b19db1adeb1a84576b190,0.003784234,0.082194760,0000
409,001a,0010,e3b0c44298fc1c149afbf4c8996fb92427ae41e4649b934ca495991b7852b855,285d1defb2be7c7172c2267f468456a7ee399a10b60feec464f936eee3af0ab3,c145d92a904331e1f9c50a10fb126eaece359602e0b28afaed8d7e0e7b59ba8f,c5e536361221d6cc36d7fba4254a2e8a0a560ac6eb7c00cc979a4ab70faa3ae5,972f73882045ed27f2c061c49cca4a02ef3d64021746714086aab3fed96a53a0,26ec4021e615be5b2de99a82ec665446527db2d9c9735806e245848c74a6af0b,abd7e5d1c1170e504bd55f72120a4190838ddbd12ce7067dbd7a7c5579a91ed1,4dfa2cccf834608d06c05453eab2e8fdfd2dcea79a59fb04c56c36d710744108,0.003777594,0.082194198,0000
410,001a,0010,e3b0c44298fc1c149afbf4c8996fb92427ae41e4649b934ca495991b7852b855,0e1e46c1fff7db4da8d6dec7c4b867e4d9655e22ee599915a8ef87363ae19a89,326fa6463244893d7ebc308bd9168b7c7bf70038fa2540dca8019d29a22fa30a,c5e536361221d6cc36d7fba4254a2e8a0a560ac6eb7c00cc979a4ab70faa3ae5,972f73882045ed27f2c061c49cca4a02ef3d64021746714086aab3fed96a53a0,26ec4021e615be5b2de99a82ec665446527db2d9c9735806e245848c74a6af0b,b293cc261f20e30f0284d158638a31085eea820854935ebcbf995a4bf1a935d8,1cc2e165b9bfaf6c7d69a268b8ad96549a43cb46ecff0e7783bc97a2526288ff,0.003607516,0.082201162,0000
411,001a,0010,e3b0c44298fc1c149afbf4c8996fb92427ae41e4649b934ca495991b7852b855,d956a798eba83d3ce3fe1528fe4216bc5e17d6fb7f2fc48f83baad8d14907a35,13be323f7f961f8b66b02e1ab7bd2a3112d448718783811c3f717da882ffe51e,c5e536361221d6cc36d7fba4254a2e8a0a560ac6eb7c00cc979a4ab70faa3ae5,972f73882045ed27f2c061c49cca4a02ef3d64021746714086aab3fed96a53a0,26ec4021e615be5b2de99a82ec665446527db2d9c9735806e245848c74a6af0b,e2372d80219289f4a9c21ae2758eb592d21b9b8e3d1e6313c5b5d507c0e03456,49553b4342d93b7a873f00606b4da20ca93af5489c7bd412e2b352a84a1211e6,0.003766558,0.082367552,0000
412,001a,0010,e3b0c44298fc1c149afbf4c8996fb92427ae41e4649b934ca495991b7852b855,2fd34a7fc63e6fe66c202b1b1325e54d1a1abca56388abd2b3ea931429ccf775,034e44f257cd9b4c72cf7a8e52f580a0146a99e9231bbae8d9d1bdf3abf5e645,c5e536361221d6cc36d7fba4254a2e8a0a560ac6eb7c00cc979a4ab70faa3ae5,972f73882045ed27f2c061c49cca4a02ef3d64021746714086aab3fed96a53a0,26ec4021e615be5b2de99a82ec665446527db2d9c9735806e245848c74a6af0b,7b13bcc04e86c60e4d20930fb59b64fca83c5297fbc3d4c3abe179cb2174d9e1,3912098332b996d4e6d8f857721c4a2f9396de913235b53cb1e5dea3626199a2,0.003773080,0.082201378,0000
413,001a,0010,e3b0c44298fc1c149afbf4c8996fb92427ae41e4649b934ca495991b7852b855,0d5e312d272ddc55097160a4927b36b81c2e389d9cbf9821c2079c183e8b1453,e0a9955b6c97c2adb8d897fc1565c58d9189af67dd9c751f75e88dbbef5c5dc5,c5e536361221d6cc36d7fba4254a2e8a0a560ac6eb7c00cc979a4ab70faa3ae5,972f73882045ed27f2c061c49cca4a02ef3d64021746714086aab3fed96a53a0,26ec4021e615be5b2de99a82ec665446527db2d9c9735806e245848c74a6af0b,a0dd7009761db2b9dda95ef9d2f755e490325b3a6d67cfbb1b4acad42e850bb0,f086d9bc7c9ee2d9236c1f54392b522e77bed74072b29e4b0ac6f7192bc1e8ad,0.003758283,0.082193098,0000
414,001a,0010,e3b0c44298fc1c149afbf4c8996fb92427ae41e4649b934ca495991b7852b855,78fc0344f806e3b0aadabae9994054a5d5ddba68ee3533a935131f9fe89014bf,a1251963152cbeeb12c410e3048aa4ba10f2ac027031dcbeff930a73e0f72d92,c5e536361221d6cc36d7fba4254a2e8a0a560ac6eb7c00cc979a4ab70faa3ae5,972f73882045ed27f2c061c49cca4a02ef3d64021746714086aab3fed96a53a0,26ec4021e615be5b2de99a82ec665446527db2d9c9735806e245848c74a6af0b,8619a02c612a47e8f0846fc0b4c8348201fb626cd6db8501577b5b14c7ba9517,73b286d79a02a9240c74eda303d87ac9373f6be93b271b39a584e2873c544c81,0.003714642,0.082270160,0000
415,001a,0010,e3b0c44298fc1c149afbf4c8996fb92427ae41e4649b934ca495991b7852b855,4043fd59cd7591b56cdb5508248afeab0e783eb7f116b8090445574b13c3fe16,3bf27af3ac2e1e99e5440364f261952d6f6895f4ffc9d4aa7068cde8059605eb,c5e536361221d6cc36d7fba4254a2e8a0a560ac6eb7c00cc979a4ab70faa3ae5,972f73882045ed27f2c061c49cca4a02ef3d64021746714086aab3fed96a53a0,26ec4021e615be5b2de99a82ec665446527db2d9c9735806e245848c74a6af0b,532ef345209e3b86c95957ad8ed8b76048014eeb97bcce3d8de633406578488f,b67aca188d3d5263141cc71916b3ece2a1d10b738139dd21d10163d7dd8226c5,0.003860792,0.082217835,0000
416,001a,0010,e3b0c44298fc1c149afbf4c8996fb92427ae41e4649b934ca495991b7852b855,9a14c69c10eb01c3c2abd066e581702b076c9f956e791af0a54e8426dd929783,24c856d88628656af4325ba3d6ab3f1185ee8bd62c5adcdd6c8d6923db2fdea3,c5e536361221d6cc36d7fba4254a2e8a0a560ac6eb7c00cc979a4ab70faa3ae5,972f73882045ed27f2c061c49cca4a02ef3d64021746714086aab3fed96a53a0,26ec4021e615be5b2de99a82ec665446527db2d9c9735806e245848c74a6af0b,bfb4010b7a4436a3c1c175adde7f8c9f47b717c0892cf5052bc41d9e5bbc1f3b,bd850863123c27c150d8719d2bd860920a4bf56ae88e0aa89ef77fba0899daa8,0.003774738,0.082121789,0000
417,001a,0010,e3b0c44298fc1c149afbf4c8996fb92427ae41e4649b934ca495991b7852b855,eee00ff0ccbe4addc33734045f7a84ea788dea4c3753d0f54a0db486ff73dd8b,d4c4c893df23fb69e370adc182e79d9f4683e4c45006c1a8e8d193f90b3bda47,c5e536361221d6cc36d7fba4254a2e8a0a560ac6eb7c00cc979a4ab70faa3ae5,972f73882045ed27f2c061c49cca4a02ef3d64021746714086aab3fed96a53a0,26ec4021e615be5b2de99a82ec665446527db2d9c9735806e245848c74a6af0b,fe8e22bda6614f5a608c76de1ffeef7f618e4b6184322dd14676c95626c90dc5,1a56e0903d0db5d0685fcfc8fb4d48b5c399c715d0bacc8b24e8aa8f745fe4d1,0.003733457,0.082225823,0000
418,001a,0010,e3b0c44298fc1c149afbf4c8996fb92427ae41e4649b934ca495991b7852b855,d76a30de1adb094a3cdbdc27a2a55f321b0a8747501b354b9a76c4aa4f3c8a11,765d5a78c147fb007003a21fc4da24eafdc71e0eb92448d2e2a73ffe2734a750,c5e536361221d6cc36d7fba4254a2e8a0a560ac6eb7c00cc979a4ab70faa3ae5,972f73882045ed27f2c061c49cca4a02ef3d64021746714086aab3fed96a53a0,26ec4021e615be5b2de99a82ec665446527db2d9c9735806e245848c74a6af0b,097eb79d910f56f805791bcb057673b6fe96d356ae38d6c90a6596383d802121,88d6f6060881fcc59f51e3d0caeb987543b363ffed446d71c25981580232c8c8,0.003576241,0.082204297,0000
419,001a,0010,e3b0c44298fc1c149afbf4c8996fb92427ae41e4649b934ca495991b7852b855,17d4cca0abc345f5cb9493daea48b9854410a052cd83b6d2e37f7f462f61ea8d,f464ece19dffb5caa90cd32996f69e9827cecf9356c2ff0e6a4f20a566939412,c5e536361221d6cc36d7fba4254a2e8a0a560ac6eb7c00cc979a4ab70faa3ae5,972f73882045ed27f2c061c49cca4a02ef3d64021746714086aab3fed96a53a0,26ec4021e615be5b2de99a82ec665446527db2d9c9735806e245848c74a6af0b,49519046bf596b8fe3b005c3f404352744614593d21ca21dddb6aa7e9df39412,00d17fa418e1646f1e2cd2fadd8ce94b5a72dc12985cf18e45214896b4e223bb,0.003574307,0.082397176,0000
420,001a,0010,e3b0c44298fc1c149afbf4c8996fb92427ae41e4649b934ca495991b7852b855,d2b3b35e89cba9ab5eef139da1240ea3b06a1beb78315ecd94907dcd0b43bfb5,646bc3980c170c6650496236927363acba1d66c03bbe2cb0bed5b04057b175ea,c5e536361221d6cc36d7fba4254a2e8a0a560ac6eb7c00cc979a4ab70faa3ae5,972f73882045ed27f2c061c49cca4a02ef3d64021746714086aab3fed96a53a0,26ec4021e615be5b2de99a82ec665446527db2d9c9735806e245848c74a6af0b,543cd61545212bb42a709b8fe2885abeb41aedb5c9ae74c3b892d4f73c19e5c1,a05b5ed6a50fec096fef9ce927fdf2837eb6b3af1b223b11b5c8716de82624fb,0.003770108,0.082421557,0000
421,001a,0010,e3b0c44298fc1c149afbf4c8996fb92427ae41e4649b934ca495991b7852b855,9f932fedd71bfad41143df525afa940f80ded3ba0ff9d69d549e2311b8d42366,9dc8ddefe3d9a795cd908664fd2dd573504fc18654fb9b87d84708c07a55812f,c5e536361221d6cc36d7fba4254a2e8a0a560ac6eb7c00cc979a4ab70faa3ae5,972f73882045ed27f2c061c49cca4a02ef3d64021746714086aab3fed96a53a0,26ec4021e615be5b2de99a82ec665446527db2d9c9735806e245848c74a6af0b,370796a34cd6b5609f52cf66bcca7ec0e923471987509f3122dbfc414b5faab1,2aecf92f47d4e792bea3410d8a486a58caf022d4bf33c4da5edba2057b8a447d,0.003786813,0.082192017,0000
422,001a,0010,e3b0c44298fc1c149afbf4c8996fb92427ae41e4649b934ca495991b7852b855,406faa6fbe8a86807fa010a9efa52e46fef159fedf78fedb1f469d01fa35607e,ec86099f0bab6ecc1f393a26ea47191cc34011d99ed15eff9421af28c252da8d,c5e536361221d6cc36d7fba4254a2e8a0a560ac6eb7c00cc979a4ab70faa3ae5,972f73882045ed27f2c061c49cca4a02ef3d64021746714086aab3fed96a53a0,26ec4021e615be5b2de99a82ec665446527db2d9c9735806e245848c74a6af0b,3c01a7fa7ac3cf406b022005dfb11c95c48cd0d2dd1499a240eb952eb12cfc6f,147e6d287a971e828ea460e91fcebf56e66aa467dd614da7b8206363362dde8e,0.003773307,0.082189409,0000
423,001a,0010,e3b0c44298fc1c149afbf4c8996fb92427ae41e4649b934ca495991b7852b855,725118ef48366aa46d5d0f5c3e129c373d43335a7d5d97a1cf34aab80545c212,47723dc52202c361f160255030e1b1d7438f4788736afb6429acfbb55ee3e28f,c5e536361221d6cc36d7fba4254a2e8a0a560ac6eb7c00cc979a4ab70faa3ae5,972f73882045ed27f2c061c49cca4a02ef3d64021746714086aab3fed96a53a0,26ec4021e615be5b2de99a82ec665446527db2d9c9735806e245848c74a6af0b,3b4b1a796179a465320692181edb0a91a146c3cf5bdc8213c3d67c48d25fa81d,185965c40fbc0773885e484d78104f17ee7a30a3d405629208a3cc18847ccd4c,0.003784575,0.082196567,0000
424,001a,0010,e3b0c44298fc1c149afbf4c8996fb92427ae41e4649b934ca495991b7852b855,6b70dd9dfb8cae1b5da5083daab7d2c34c8623480accb4b57fe8a476e909684b,14663187f2e2ab901d739eb775f9f3b684a1cf96303449816a7f935a5ffc89ca,c5e536361221d6cc36d7fba4254a2e8a0a560ac6eb7c00cc979a4ab70faa3ae5,972f73882045ed27f2c061c49cca4a02ef3d64021746714086aab3fed96a53a0,26ec4021e615be5b2de99a82ec665446527db2d9c9735806e245848c74a6af0b,a39b47526b5939507d87a8ffa5a99a2e8041e24ab0b9b3b5bb0af9d3dc16eaf1,fc0e22cd8f8285888f539f0b87396710a6fc6e2e2ed2cf23ba4464eb92591ca5,0.003784563,0.082195400,0000
425,001a,0010,e3b0c44298fc1c149afbf4c8996fb92427ae41e4649b934ca495991b7852b855,465e7209429486884f2e0801c662f1e1311d4c0b0d3ebb213c72ba70186504ca,9b4e0a9ff7f53f293b8408732d089d20351baf800baecdaec6781fe2ba83e0a7,c5e536361221d6cc36d7fba4254a2e8a0a560ac6eb7c00cc979a4ab70faa3ae5,972f73882045ed27f2c061c49cca4a02ef3d64021746714086aab3fed96a53a0,26ec4021e615be5b2de99a82ec665446527db2d9c9735806e245848c74a6af0b,ccb96085c271932c1ce501358f6bdaa69736bd9b678b5bfb9eac956644f3053c,1e197c42fa01e385838b5c836576ecf8712ae407bc8e343ee100509cd6e2490b,0.003761069,0.082196399,0000
426,001a,0010,e3b0c44298fc1c149afbf4c8996fb92427ae41e4649b934ca495991b7852b855,bf308fe4807acaea8291033d8f92ea9bb832a2c5aa1127632ecda861dd4fbf17,1c5db0e7dee03ceb078bd2dfa351d59645b227c8a6251084737fc85db2c5271e,c5e536361221d6cc36d7fba4254a2e8a0a560ac6eb7c00cc979a4ab70faa3ae5,972f73882045ed27f2c061c49cca4a02ef3d64021746714086aab3fed96a53a0,26ec4021e615be5b2de99a82ec665446527db2d9c9735806e245848c74a6af0b,075595d8491c56cb1b9300eb6af7ab736d097c029d1bb7f243f5d8b3c6af79af,a4321a5cee6f58b79a666b353ddeab627c89483b4c97e05fafcb3ea6c900caa8,0.003806264,0.082190181,0000
427,001a,0010,e3b0c44298fc1c149afbf4c8996fb92427ae41e4649b934ca495991b7852b855,6312b6724d6558a5b91e30f4f80ec707be6cb4e18ed935f8edd5eec93d9a2a64,82bf3c12852c06de2f8356bd8279ebfb93cd8f72fff2b1cbd9fec5339c1a1f67,c5e536361221d6cc36d7fba4254a2e8a0a560ac6eb7c00cc979a4ab70faa3ae5,972f73882045ed27f2c061c49cca4a02ef3d64021746714086aab3fed96a53a0,26ec4021e615be5b2de99a82ec665446527db2d9c9735806e245848c74a6af0b,354033b75a67fb936346f61b545747cd51191b852f0ce4a618e9bf14223545a2,64301fa5eb92a0320701cc2989abc534cf53a540db3077c1f524de22f059a007,0.003794923,0.082240912,0000
428,001a,0010,e3b0c44298fc1c149afbf4c8996fb92427ae41e4649b934ca495991b7852b855,607cef95a30763e01e4c177af5e04af7f8fc8fbed7b3febd94cb389943d465d1,b01bd07756bc0379b09fb1ec345a0ded5b7edcab135d8b7d6140c2145c428d70,c5e536361221d6cc36d7fba4254a2e8a0a560ac6eb7c00cc979a4ab70faa3ae5,972f73882045ed27f2c061c49cca4a02ef3d64021746714086aab3fed96a53a0,26ec4021e615be5b2de99a82ec665446527db2d9c9735806e245848c74a6af0b,664bb32044deabfb11350af599a080b0b64f90205a82c945e7ddb64b74adb7c6,aa17305e6323647ae03bdfe80020b2555dcef7ce555c293dbf10a927fd9ed5ce,0.003808324,0.082125808,0000
429,001a,0010,e3b0c44298fc1c149afbf4c8996fb92427ae41e4649b934ca495991b7852b855,b630858c35db5f1c617d6f1b770695fd0e1d37bac377929656e63ea9699eaf54,1b381096898d8dbaef2dbdfcd385583e445b1f17f83cc3849822b849f6d45b61,c5e536361221d6cc36d7fba4254a2e8a0a560ac6eb7c00cc979a4ab70faa3ae5,972f73882045ed27f2c061c49cca4a02ef3d64021746714086aab3fed96a53a0,26ec4021e615be5b2de99a82ec665446527db2d9c9735806e245848c74a6af0b,016df9b8e79f9fc45289585c8bd3a1ef9e42d565a4078ca78653372a392055d1,67e02bd6f23d42b11971ca228ff881d3b1b3cdc451a5c9dc56c5992e77e8a795,0.003810610,0.082145091,0000
430,001a,0010,e3b0c44298fc1c149afbf4c8996fb92427ae41e4649b934ca495991b7852b855,06bb0a7f8c3c61dfee9ba58c4275a2f61b831a3b5b0dfa8f6b42c9504b7be210,285c67fb1fcffe550c37493616af953bded5c20c19eef23eb94cdabd4092f212,c5e536361221d6cc36d7fba4254a2e8a0a560ac6eb7c00cc979a4ab70faa3ae5,972f73882045ed27f2c061c49cca4a02ef3d64021746714086aab3fed96a53a0,26ec4021e615be5b2de99a82ec665446527db2d9c9735806e245848c74a6af0b,18cdb821fd354ab1c261b2298391e8af786467ffe360998ae8204de0f88d6ae9,4bb2a1ef2c1a9086266090323931626227e1cb8ee1be1c34f0ad9673f6df6a96,0.003766793,0.082191040,0000
431,001a,0010,e3b0c44298fc1c149afbf4c8996fb92427ae41e4649b934ca495991b7852b855,db420e12ac171247c483ef421bf8e7a1076f458c5df9949b5d75240ed404f8d4,3e7e67386780ce280155ab8ec0b1a23d8bc63988a6a54621742e314c4e461ce6,c5e536361221d6cc36d7fba4254a2e8a0a560ac6eb7c00cc979a4ab70faa3ae5,972f73882045ed27f2c061c49cca4a02ef3d64021746714086aab3fed96a53a0,26ec4021e615be5b2de99a82ec665446527db2d9c9735806e245848c74a6af0b,51fb561f9014303179f6e9067e7801cc9a41b8e6e241af22769266692d06626d,f3864cc82c8b36f3b2d46c9d29e9aea75c7d33eb8ce0f63dedbb2b3269aab27f,0.003783128,0.082205040,0000
432,001a,0010,e3b0c44298fc1c149afbf4c8996fb92427ae41e4649b934ca495991b7852b855,edae71bfa05f6d29966b1406afafbeb7fae3eaa579c3194aca32a71be2ed5033,d92a2fb72b1d2299c454971db653f72b80019be58c31e6151608cdaf67e8e05e,c5e536361221d6cc36d7fba4254a2e8a0a560ac6eb7c00cc979a4ab70faa3ae5,972f73882045ed27f2c061c49cca4a02ef3d64021746714086aab3fed96a53a0,26ec4021e615be5b2de99a82ec665446527db2d9c9735806e245848c74a6af0b,6d8b2d4cc430ec9b8cca9ed74275ea50e27f9e3eda680c4b278c5d5a20a80b1d,0840c814d27b4b21240eb5435faf02627ede02cd2e42e7f3d6d543ce859fd4bd,0.003780353,0.082194228,0000
433,001a,0010,e3b0c44298fc1c149afbf4c8996fb92427ae41e4649b934ca495991b7852b855,15c0d522d4f8827da200ab3d870ffcf505b1bbaf2f8d48edba528dc9fcbb4e93,41f6e004e2a88c27c5d03ae5819828783c3b1da2edfcc5a45827ef831cdf6165,c5e536361221d6cc36d7fba4254a2e8a0a560ac6eb7c00cc979a4ab70faa3ae5,972f73882045ed27f2c061c49cca4a02ef3d64021746714086aab3fed96a53a0,26ec4021e615be5b2de99a82ec665446527db2d9c9735806e245848c74a6af0b,5fed935130bf7f58b99b8110608009868c024de0f45820454e324a159b1ec6d1,8297c9ab56eef7a1f26dc9141bcf6d2c5fd7c952aabd65babf8a1e7a052e0885,0.003802725,0.082244683,0000
434,001a,0010,e3b0c44298fc1c149afbf4c8996fb92427ae41e4649b934ca495991b7852b855,f1e32f74e5f10f52340d3a9b056c3ecede424dfb2d4ded429c828d39bbce6509,130f50039cc7ddcecb054fbe793819bf8970cf061a19168f778d757d02657745,c5e536361221d6cc36d7fba4254a2e8a0a560ac6eb7c00cc979a4ab70faa3ae5,972f73882045ed27f2c061c49cca4a02ef3d64021746714086aab3fed96a53a0,26ec4021e615be5b2de99a82ec665446527db2d9c9735806e245848c74a6af0b,29b30f78e6a17b52e4a0678b575ef69bb23cb9211a2c2b97120e5a16b63a283b,ea99a3674287cc26a9dc45f99a9b800660ddeaba518490ce0543b854211de74f,0.003784697,0.082115303,0000
435,001a,0010,e3b0c44298fc1c149afbf4c8996fb92427ae41e4649b934ca495991b7852b855,7f897797ee59134b823a7708a7def7bb46a13900865f2530274ed94f41ec55bf,541eaa966e3392d697f4b0c75084d9462e9a1826a8c2a8132f77035e5306592f,c5e536361221d6cc36d7fba4254a2e8a0a560ac6eb7c00cc979a4ab70faa3ae5,972f73882045ed27f2c061c49cca4a02ef3d64021746714086aab3fed96a53a0,26ec4021e615be5b2de99a82ec665446527db2d9c9735806e245848c74a6af0b,457e4efa126456a26c826fca08dfa5842c70f851cac211cd45cd5f82c40a44e6,f52da6fbc33140e7ac69a1da73d3f71ede546131c1ccb019bdffbe649b05139a,0.003767714,0.082213347,0000
436,001a,0010,e3b0c44298fc1c149afbf4c8996fb92427ae41e4649b934ca495991b7852b855,d2a0e54bcb8eb68bd47127bf586610193d2243f76e60fe86ddb5bf8995fa28c3,9c854a6016639aee40f0953103c236b2be73cacd885acf7aba780bea1e3b94b0,c5e536361221d6cc36d7fba4254a2e8a0a560ac6eb7c00cc979a4ab70faa3ae5,972f73882045ed27f2c061c49cca4a02ef3d64021746714086aab3fed96a53a0,26ec4021e615be5b2de99a82ec665446527db2d9c9735806e245848c74a6af0b,c3940318edf29d3f9a673a065a74cb5786a7f12f5540a05f28efdfbb29d7a9f2,030f4df8fd4d1e2336d6b59251f0d056a7e8fb598268023c450927c831cfdd11,0.003798394,0.082179405,0000
437,001a,0010,e3b0c44298fc1c149afbf4c8996fb92427ae41e4649b934ca495991b7852b855,add9bc2512ba2d43f3e756852932738e6f7ca820f44ee3f2e4055055b325d855,5a628b6f924b8d00befe893bfbd8e2e4e438fd7685fc3c3daee965560b40e796,c5e536361221d6cc36d7fba4254a2e8a0a560ac6eb7c00cc979a4ab70faa3ae5,972f73882045ed27f2c061c49cca4a02ef3d64021746714086aab3fed96a53a0,26ec4021e615be5b2de99a82ec665446527db2d9c9735806e245848c74a6af0b,79375365a22eb1eedf440508f1f6789468eb0f12e4624e6d6392a55a3cc5c985,a447ff4a323932b70d49b1ec7bf0efade3d0d701a056638694f4ef3043129859,0.003750555,0.082217723,0000
438,001a,0010,e3b0c44298fc1c149afbf4c8996fb92427ae41e4649b934ca495991b7852b855,45867567104835912dd3716c1d2e918fe817c8bea121b7487faf5d4082dc6dae,7fafe38f39f35cd69dd1cc8fd0e3f22102a2659146518acb0ec4734672988d9b,c5e536361221d6cc36d7fba4254a2e8a0a560ac6eb7c00cc979a4ab70faa3ae5,972f73882045ed27f2c061c49cca4a02ef3d64021746714086aab3fed96a53a0,26ec4021e615be5b2de99a82ec665446527db2d9c9735806e245848c74a6af0b,16f9030ab8485022e9164af1ca83d410eaac84a0e4e6b82f52a1be8181cd7e89,520053dc3451ae5422303354d80f1136074d88b7c0959c07277fa90199e553b5,0.003747283,0.082204703,0000
439,001a,0010,e3b0c44298fc1c149afbf4c8996fb92427ae41e4649b934ca495991b7852b855,9e0f4c8cb4a68962c9a873c8199ece9d794e26dcb0a65b635562f59dadd59ff0,86245e37b00e7ceb065831ebc6cbcde649ed2e19e6b8fc06f3d8b1d8cd98511d,c5e536361221d6cc36d7fba4254a2e8a0a560ac6eb7c00cc979a4ab70faa3ae5,972f73882045ed27f2c061c49cca4a02ef3d64021746714086aab3fed96a53a0,26ec4021e615be5b2de99a82ec665446527db2d9c9735806e245848c74a6af0b,40c82987cb6273f49012b7a4479d3aae14e159c9a820cb47c45d13b092be0b1f,1e9c7c6842ab91ee48a43a201608075fd74c9db88ddc1de60c9f22ddc60a207f,0.003784727,0.082227018,0000
440,001a,0010,e3b0c44298fc1c149afbf4c8996fb92427ae41e4649b934ca495991b7852b855,1c062771b12faaa563d1a784b452f21d890ec21797d8fb3f1ee9f3a67b976995,aa884e9472e270a0a0c31c554300aa60517e28add68933e9e0992be14ece66a8,c5e536361221d6cc36d7fba4254a2e8a0a560ac6eb7c00cc979a4ab70faa3ae5,972f73882045ed27f2c061c49cca4a02ef3d64021746714086aab3fed96a53a0,26ec4021e615be5b2de99a82ec665446527db2d9c9735806e245848c74a6af0b,d553b656568634298d7401e42c1d5ff39091d606e5a7fe52693b9230a238d647,c7f5bb2242cf973b8c87a1c4443b2de15222c99a158190c592c407567a408346,0.003729342,0.082207532,0000
441,001a,0010,e3b0c44298fc1c149afbf4c8996fb92427ae41e4649b934ca495991b7852b855,b28b3fa4a8ef359b56a18a22d6591c472f18fb9dcac6307b603aadc0b5e190d3,c88c5d04d794e3d91083fe52102506b83e7a416991645b3bf279bda49db387e9,c5e536361221d6cc36d7fba4254a2e8a0a560ac6eb7c00cc979a4ab70faa3ae5,972f73882045ed27f2c061c49cca4a02ef3d64021746714086aab3fed96a53a0,26ec4021e615be5b2de99a82ec665446527db2d9c9735806e245848c74a6af0b,6af4c2540524b4c32c9c56e4b5d8e43aa45810e113c3da7e1300297bea54e00d,7911327acd12726921de78d50257477f10230dcc6b2d5cf60e0c3b59dd8b2d4e,0.003794128,0.082229104,0000
442,001a,0010,e3b0c44298fc1c149afbf4c8996fb92427ae41e4649b934ca495991b7852b855,4ac4a4a11a0fd7a370a95f7d87196550e54eaba7de73a3f1e531686f9ece1ef6,836adbaf10fbaebe632cbdeeb855d13bb0b21d34ad2ab5c0c3dde9c979c42b8a,c5e536361221d6cc36d7fba4254a2e8a0a560ac6eb7c00cc979a4ab70faa3ae5,972f73882045ed27f2c061c49cca4a02ef3d64021746714086aab3fed96a53a0,26ec4021e615be5b2de99a82ec665446527db2d9c9735806e245848c74a6af0b,d3e99135031c981c22e9a3898743c787fe1cd81eb6f0037f0f91c7070b31131b,1c2f65bbbef877232195493f4be4f330389891c76225176dc944435e88f69115,0.003809341,0.082159833,0000
443,001a,0010,e3b0c44298fc1c149afbf4c8996fb92427ae41e4649b934ca495991b7852b855,0637392631daec1c620c92c83e9d15612090ec18357b73854858fdb15ef1f671,1ec045a2c7736ea3b1bb46febf64e1912e47d5753716a79e1d29c8337b811e05,c5e536361221d6cc36d7fba4254a2e8a0a560ac6eb7c00cc979a4ab70faa3ae5,972f73882045ed27f2c061c49cca4a02ef3d64021746714086aab3fed96a53a0,26ec4021e615be5b2de99a82ec665446527db2d9c9735806e245848c74a6af0b,686eea9a861a4150e5f40b8fc54d171805f10ec6dfd8001d270a85a66079c063,d75a987035c5c9b0fcc9db05e79291416529e3b1615db84a27570c5f833c89fe,0.003767396,0.082190181,0000
444,001a,0010,e3b0c44298fc1c149afbf4c8996fb92427ae41e4649b934ca495991b7852b855,6c11b74982053199ddb06bd752d61d9b4c9c14ee6f9944e0083e005d36e737b5,55abc1cb9eaf7a4470a388471ed42c3855639aa499fa73d801bdc50a00c22c11,c5e536361221d6cc36d7fba4254a2e8a0a560ac6eb7c00cc979a4ab70faa3ae5,972f73882045ed27f2c061c49cca4a02ef3d64021746714086aab3fed96a53a0,26ec4021e615be5b2de99a82ec665446527db2d9c9735806e245848c74a6af0b,e73dc2c05ebac2419c49234cde9803d594731f8507605e2ef09f42dc14208a32,7e67e6273ec3c1a8c26f6a7283335f479df4735c844625cd1cf980f0f3141146,0.003799417,0.082188349,0000
445,001a,0010,e3b0c44298fc1c149afbf4c8996fb92427ae41e4649b934ca495991b7852b855,dc875b4ff1c255eab9f45a8e442cfeb9fc296de125ea31c2991e7ec93769316a,42589eed89b593e8515edb32fb1c689b2ef86e6d5053b816bb60ac053b64fa42,c5e536361221d6cc36d7fba4254a2e8a0a560ac6eb7c00cc979a4ab70faa3ae5,972f73882045ed27f2c061c49cca4a02ef3d64021746714086aab3fed96a53a0,26ec4021e615be5b2de99a82ec665446527db2d9c9735806e245848c74a6af0b,05ddd287be3aeebc3aea4b9af59d8ca2308d60f6bc30f5fc87fbdfcd96a5024d,45388b866eedf8bd670351d2b1680dcbcf3df865717184f0d5e34245acccb6ac,0.003747274,0.082226797,0000
446,001a,0010,e3b0c44298fc1c149afbf4c8996fb92427ae41e4649b934ca495991b7852b855,81f635e029f457193747029ff9440d59095efc251fbc4ceb549028540abb063b,6261d81d0e9b7d0ead1f7e5f86e1826e66d57d64514c7b5425e80bee0c5beba3,c5e536361221d6cc36d7fba4254a2e8a0a560ac6eb7c00cc979a4ab70faa3ae5,972f73882045ed27f2c061c49cca4a02ef3d64021746714086aab3fed96a53a0,26ec4021e615be5b2de99a82ec665446527db2d9c9735806e245848c74a6af0b,8f59999c897b4cb33510314eec34eb20b8724fcc4adf6677e41cfc145a4af375,b0b385f632a7b70aea1daa5e49f0b27703c1d43802116c9e7e314f99cc0e91ce,0.003793785,0.082250291,0000
447,001a,0010,e3b0c44298fc1c149afbf4c8996fb92427ae41e4649b934ca495991b7852b855,c8515787e85b8323b5166c40bdfb25d86aacc72ade4f6ca1a5fd40b79ed44f60,7ab4711572e57dd49868f845101edf3d0058eb114a65e0b9e8b7063bee59c8e9,c5e536361221d6cc36d7fba4254a2e8a0a560ac6eb7c00cc979a4ab70faa3ae5,972f73882045ed27f2c061c49cca4a02ef3d64021746714086aab3fed96a53a0,26ec4021e615be5b2de99a82ec665446527db2d9c9735806e245848c74a6af0b,35aedb40b702bdf9bb67c475ddbe25a344f0b8afc23fbc991a538508949a102e,9353506af1ad1a19f5794ce00298319c9d33dda50350b900675c916df7fb465a,0.003573473,0.082115123,0000
448,001a,0010,e3b0c44298fc1c149afbf4c8996fb92427ae41e4649b934ca495991b7852b855,de8c78a2232317a5838be5d0b99bcf873ca78ea142cf923be469cf447017b38e,27e124d2543f29979971d94ecb896e0d3753c87a1607652cd2b0667cac4c2675,c5e536361221d6cc36d7fba4254a2e8a0a560ac6eb7c00cc979a4ab70faa3ae5,972f73882045ed27f2c061c49cca4a02ef3d64021746714086aab3fed96a53a0,26ec4021e615be5b2de99a82ec665446527db2d9c9735806e245848c74a6af0b,8f5c8f32cffdcdf4b375095fe8213c1f6f0d1c1d4e252490067787abd942f4c4,aef3c3138c256991bcc38714d182f37e9de1400f0411ac1de188fd98ff5f0b90,0.003766436,0.082404444,0000
449,001a,0010,e3b0c44298fc1c149afbf4c8996fb92427ae41e4649b934ca495991b7852b855,60d552a9076446ddc96ccc334f6ad94f15f517d885bae9de31e3d9eacf40ae75,8b6e78f6fdf3373c63be6a6caa107810ada24933bc6085b6c31068e69efdfd84,c5e536361221d6cc36d7fba4254a2e8a0a560ac6eb7c00cc979a4ab70faa3ae5,972f73882045ed27f2c061c49cca4a02ef3d64021746714086aab3fed96a53a0,26ec4021e615be5b2de99a82ec665446527db2d9c9735806e245848c74a6af0b,a5e4c8e87739202a986e3f94bf91a3a46c31c1f239e0742b143d795c556bc52a,4bfff2605ce17304eaaf57d47fbc7839c96b96e82c68e06ac4ff9477646e3772,0.003773965,0.082212807,0000
450,001a,0010,e3b0c44298fc1c149afbf4c8996fb92427ae41e4649b934ca495991b7852b855,f83420214731e9604074e3982f0cdc150c405393cf3543b086a0cc4800fb7bd3,7504bd155cd0517f8df006e3d659e63b111e2a73eb5caeee08085e42d7444c52,c5e536361221d6cc36d7fba4254a2e8a0a560ac6eb7c00cc979a4ab70faa3ae5,972f73882045ed27f2c061c49cca4a02ef3d64021746714086aab3fed96a53a0,26ec4021e615be5b2de99a82ec665446527db2d9c9735806e245848c74a6af0b,e0228b2e1b8879bcd4b779b87e7d591ead40c48f2695df75b32e630a655e9c59,5dd1fc84c1c45305a70b93187b5982a9aa30d304d25a0f4353deabf686bbe396,0.003771273,0.082197368,0000
451,001a,0010,e3b0c44298fc1c149afbf4c8996fb92427ae41e4649b934ca495991b7852b855,96e824f0f5539d1cfeec3fd8bf7f5bb4067cfe44f5c36d6d421b162776f557ef,3b3bb7de69459ae3c41fab5221bcb0aa7f9a75b539b52a8a66c7007913f703a7,c5e536361221d6cc36d7fba4254a2e8a0a560ac6eb7c00cc979a4ab70faa3ae5,972f73882045ed27f2c061c49cca4a02ef3d64021746714086aab3fed96a53a0,26ec4021e615be5b2de99a82ec665446527db2d9c9735806e245848c74a6af0b,305156884b8d4c8a73a3fa53d33af678d91c56e883dc006765229b31ac53d307,22f91ce98274699719fd4208c7051d6041700b053a4e23f03782bd82e7a3a074,0.003769388,0.082212121,0000
452,001a,0010,e3b0c44298fc1c149afbf4c8996fb92427ae41e4649b934ca495991b7852b855,a02fe2ad15864908ea89079d27e08d29f427447309655a5f618d86d5533cf1a5,be5da0ffb54c4af3d3e20fb58a1652e18b5c2d9abb8d0299d5424b54051fb2a9,c5e536361221d6cc36d7fba4254a2e8a0a560ac6eb7c00cc979a4ab70faa3ae5,972f73882045ed27f2c061c49cca4a02ef3d64021746714086aab3fed96a53a0,26ec4021e615be5b2de99a82ec665446527db2d9c9735806e245848c74a6af0b,5b5d59c104a63c35c83928f9e5d62dc99038d2fa3e380a49374ff1b2d053a51d,2fd2da9360d852c9bcae8cbf4925f3f5c4ace4c864a745cdf1d3121503bbac87,0.003788246,0.082202479,0000
453,001a,0010,e3b0c44298fc1c149afbf4c8996fb92427ae41e4649b934ca495991b7852b855,d062bf913abae487bdc94cbe1eca44576e25241166bbc0630368f0f442750198,0fb46357b78d3e0bf75b57ba1cb788759015b1f99b0ffc9f81e699eb0d99aadb,c5e536361221d6cc36d7fba4254a2e8a0a560ac6eb7c00cc979a4ab70faa3ae5,972f73882045ed27f2c061c49cca4a02ef3d64021746714086aab3fed96a53a0,26ec4021e615be5b2de99a82ec665446527db2d9c9735806e245848c74a6af0b,ce613b5756a78e3ecde155daf710356ea9d8cc73f6e75402c8d7f78c5c3db6fb,75d9c98f16cdf3a8d8461c7f172cc4c5c678c9be903abe1d7fbcc1417fe67652,0.003768588,0.082195741,0000
454,001a,0010,e3b0c44298fc1c149afbf4c8996fb92427ae41e4649b934ca495991b7852b855,8a7172a99063d112037e20cb58f1246817488c8325aa39b51a1a863b9f8af2dc,06872c223ab9a1480d3b0cb7cfaa21d8fde03334ee4669de3bc88db97a227755,c5e536361221d6cc36d7fba4254a2e8a0a560ac6eb7c00cc979a4ab70faa3ae5,972f73882045ed27f2c061c49cca4a02ef3d64021746714086aab3fed96a53a0,26ec4021e615be5b2de99a82ec665446527db2d9c9735806e245848c74a6af0b,c7e45253d81882e20c6faad0417de52fbe267bd9ff85e6e765a47db1a3756fb9,b1c13df0a5830a379a7e81a451977b81ccc3ac27b3625714dde86048421c0f71,0.003766687,0.082190441,0000
455,001a,0010,e3b0c44298fc1c149afbf4c8996fb92427ae41e4649b934ca495991b7852b855,a962dbd395e140feca8c5abdaf42746c6439221b725d2a89323617cb60a552bb,3179460a19c2789b92fea8b337a15d975b9bb981e9d8dbe5bf3d1bbd77d4ffc9,c5e536361221d6cc36d7fba4254a2e8a0a560ac6eb7c00cc979a4ab70faa3ae5,972f73882045ed27f2c061c49cca4a02ef3d64021746714086aab3fed96a53a0,26ec4021e615be5b2de99a82ec665446527db2d9c9735806e245848c74a6af0b,9992fb352b833ddcd4fcf4926e421b7ff90f61dcf207a923a71739ea9a87ea17,69894fdfad2a128e84341bd331e5376bf56fde519e4767ceed887968224b7f00,0.003761677,0.082197317,0000
456,001a,0010,e3b0c44298fc1c149afbf4c8996fb92427ae41e4649b934ca495991b7852b855,5a327fd7701d4d04fcbe864eead642155c23bd8179d6af4301b6ca9d8906ddf6,86cabfc3b711ee4cad3e97b9be433424a976445a2bcb369f3303c1f1f00916fb,c5e536361221d6cc36d7fba4254a2e8a0a560ac6eb7c00cc979a4ab70faa3ae5,972f73882045ed27f2c061c49cca4a02ef3d64021746714086aab3fed96a53a0,26ec4021e615be5b2de99a82ec665446527db2d9c9735806e245848c74a6af0b,4bc7ef9c7e456d6e229312f434dd3f5ef59f4698cb5ca7d0fa7d78519a49ed7d,ede3dd0f254e4d187aa4cf62348e85a38f2df38a9d642270b2a9b6fce18bf4fc,0.003730973,0.082241308,0000
457,001a,0010,e3b0c44298fc1c149afbf4c8996fb92427ae41e4649b934ca495991b7852b855,95a281bd8fddd8900f10996fbc150a79408a83698940eb8bc47c5cc2075124e0,e1a6e7cd7e189680b0e2c719dfdeff776b1bfd6c164761dfd77a71a23ccf7897,c5e536361221d6cc36d7fba4254a2e8a0a560ac6eb7c00cc979a4ab70faa3ae5,972f73882045ed27f2c061c49cca4a02ef3d64021746714086aab3fed96a53a0,26ec4021e615be5b2de99a82ec665446527db2d9c9735806e245848c74a6af0b,284041494e612cf6b3e016f8082c5576dafef33894c2f5e9f6e6b7e46bff0d9d,a9b74f3352521b4cde0e173623a3b8e3994af166c8c25974b90cccb49d778ff4,0.003780478,0.082232479,0000
458,001a,0010,e3b0c44298fc1c149afbf4c8996fb92427ae41e4649b934ca495991b7852b855,7b8038bca15e5b729b3787f4b1f9fad1e59981931222ac2703eef34480bb0018,300d3331b20ff1f3468a98fc47d3fe6359c1fe0629444b5fb4e45cbff14e05f4,c5e536361221d6cc36d7fba4254a2e8a0a560ac6eb7c00cc979a4ab70faa3ae5,972f73882045ed27f2c061c49cca4a02ef3d64021746714086aab3fed96a53a0,26ec4021e615be5b2de99a82ec665446527db2d9c9735806e245848c74a6af0b,8d75cf4957bbffd4eb8eb3d0e0dae0e225f7d821943f8ef7fa32bc765e9c2d0c,034b03f0bfff2f3912490b89692426cee6bd1aabe6c2cdead7adbf48fc0e9843,0.003713865,0.082253955,0000
459,001a,0010,e3b0c44298fc1c149afbf4c8996fb92427ae41e4649b934ca495991b7852b855,f703597301e9123dda5bb799c44f93a2d3dd6c851caf159a1a3489ccfd1a065c,cbc1bd5a3b2728d53394a455c27e18f196973aa6f718cb893b2e303650249470,c5e536361221d6cc36d7fba4254a2e8a0a560ac6eb7c00cc979a4ab70faa3ae5,972f73882045ed27f2c061c49cca4a02ef3d64021746714086aab3fed96a53a0,26ec4021e615be5b2de99a82ec665446527db2d9c9735806e245848c74a6af0b,910454c4c178cf9d083c965ca2e5dd1b9a79177cd9aa98b28ecbe0dd4f043c7a,dafcd0efd94b9c08a232cd68258a9ae73b4100bee61dafa8860c333441d444d2,0.003851058,0.082206139,0000
460,001a,0010,e3b0c44298fc1c149afbf4c8996fb92427ae41e4649b934ca495991b7852b855,762eeb04b2173ca4ee6e04bc15436bd3ab73445e2d6a2db32ccd1866f1ab5769,c42849b33ee759bcafaeeac13548b06fd61deecd442e2750c4acfe1f14a26302,c5e536361221d6cc36d7fba4254a2e8a0a560ac6eb7c00cc979a4ab70faa3ae5,972f73882045ed27f2c061c49cca4a02ef3d64021746714086aab3fed96a53a0,26ec4021e615be5b2de99a82ec665446527db2d9c9735806e245848c74a6af0b,308ffd1abfcbaf125e6e1138e359eac5d1517a4c93c86b118412fb3090321088,7b16dcbda8686b570f50b9d2515b8ef9d9ed008e93a519c5b8c60a17be017d92,0.003747115,0.082163713,0000
461,001a,0010,e3b0c44298fc1c149afbf4c8996fb92427ae41e4649b934ca495991b7852b855,0f643f8e17f4665115a91cf35c7224f638b740982b0cbb539a5cf5b053b7c873,74cd77bd6d926b750cb0902ed89bd08eddd3fed12a8c54aca421132493905dfb,c5e536361221d6cc36d7fba4254a2e8a0a560ac6eb7c00cc979a4ab70faa3ae5,972f73882045ed27f2c061c49cca4a02ef3d64021746714086aab3fed96a53a0,26ec4021e615be5b2de99a82ec665446527db2d9c9735806e245848c74a6af0b,4c257edc46fdbc2fcd9ef0317ed6b449c70c971929a46aa54f4724d51a03f809,2a68d586c8a20cf7798e1e13cfa82aefa041166db6f73332149958adfed0fc79,0.003767677,0.082209179,0000
462,001a,0010,e3b0c44298fc1c149afbf4c8996fb92427ae41e4649b934ca495991b7852b855,ae9b97dd1d9e18cc265d15774883ae87fa10576741294f18540651886958c125,4ee67d0fddb3d39adad54685b642561bbbcae5bc0676c8a1a69d4ab9bfdbfd9a,c5e536361221d6cc36d7fba4254a2e8a0a560ac6eb7c00cc979a4ab70faa3ae5,972f73882045ed27f2c061c49cca4a02ef3d64021746714086aab3fed96a53a0,26ec4021e615be5b2de99a82ec665446527db2d9c9735806e245848c74a6af0b,22fdab94ca65879df4cef3f08eb81a95697ce162289299c5e9c28f6420c7608b,33a987cb7bc31e3984c700a578b3638690a31c8c6bce2234cc0b6b98acbf31cc,0.003788777,0.082188074,0000
463,001a,0010,e3b0c44298fc1c149afbf4c8996fb92427ae41e4649b934ca495991b7852b855,d2bd5d91bc5b3b2f6e4020bd71ffe7c937addb7752b25f5aabd1947ed4dcd197,b8b512b24c1380662659b0b321bf88e584f3ffe388e31740d8406ff31e811fb9,c5e536361221d6cc36d7fba4254a2e8a0a560ac6eb7c00cc979a4ab70faa3ae5,972f73882045ed27f2c061c49cca4a02ef3d64021746714086aab3fed96a53a0,26ec4021e615be5b2de99a82ec665446527db2d9c9735806e245848c74a6af0b,f4c72b7878b7ece0fed525502172671ea66b27caa2d7b14e7e20843a31849731,073bc02773372e4152bfec8887b38cc08ecddade33e94a8ca5545a9a38cade10,0.003792999,0.082238692,0000
464,001a,0010,e3b0c44298fc1c149afbf4c8996fb92427ae41e4649b934ca495991b7852b855,0b5b4374e4246818be0aae0aa546d307c112de5ed8d4cdb77f1e487fee52824f,7b2c0e782184bc77eee17907076a49f1e6c4e3f9fc519917a45eebbecf31e632,c5e536361221d6cc36d7fba4254a2e8a0a560ac6eb7c00cc979a4ab70faa3ae5,972f73882045ed27f2c061c49cca4a02ef3d64021746714086aab3fed96a53a0,26ec4021e615be5b2de99a82ec665446527db2d9c9735806e245848c74a6af0b,cc27f8e2b0250d744ad3572be76279fec6ea4821d2f3a690c89ae320d77b8ade,102512722946c2ac408c946632c16ff6fb2079d5c52e5963b850f6f28b222ec5,0.003736941,0.082163481,0000
465,001a,0010,e3b0c44298fc1c149afbf4c8996fb92427ae41e4649b934ca495991b7852b855,e4e2b78e980ac29f9cdbdabdf7db60e26b5b52652c52bfd791ff642f2a2fc84e,2e5de58d2490e61e90878d774964d6bcebe2a6b2a0b1ecde888ee1ba1559be91,c5e536361221d6cc36d7fba4254a2e8a0a560ac6eb7c00cc979a4ab70faa3ae5,972f73882045ed27f2c061c49cca4a02ef3d64021746714086aab3fed96a53a0,26ec4021e615be5b2de99a82ec665446527db2d9c9735806e245848c74a6af0b,abb577cfc022741ee9ef1923f98748d2e5885a8ff67ab35c5377a581ae647164,f500e28bea58df61100c53c3152b2e4aa10991d2acdd1c87cf9a4148f736ac1f,0.003800064,0.082202437,0000
466,001a,0010,e3b0c44298fc1c149afbf4c8996fb92427ae41e4649b934ca495991b7852b855,774293861d9dfa06d397ee8b107f1d2bb7b7057fc31a2121c581a02030fe59f0,55f0a1d640d0d8612bf674c75ad23c5dc8fc5e9438af234305d52294c3115b22,c5e536361221d6cc36d7fba4254a2e8a0a560ac6eb7c00cc979a4ab70faa3ae5,972f73882045ed27f2c061c49cca4a02ef3d64021746714086aab3fed96a53a0,26ec4021e615be5b2de99a82ec665446527db2d9c9735806e245848c74a6af0b,90ae2e17463c66af9cb347306f839d8dc978448018224a3375dcbb76fbcb858a,e5cb912b4cc03b890df68c73544d0b411cf2f1289c86577b7d1eb2886764abcb,0.003777084,0.082190728,0000
467,001a,0010,e3b0c44298fc1c149afbf4c8996fb92427ae41e4649b934ca495991b7852b855,6a3de8af01c0a84a218d943df5c782200a292134ce8a14e800db80e763a5c5e0,625399ef2e0eefb8966f4bcb9ba0602a1f235f9b0e76ca20007508a0b35855ff,c5e536361221d6cc36d7fba4254a2e8a0a560ac6eb7c00cc979a4ab70faa3ae5,972f73882045ed27f2c061c49cca4a02ef3d64021746714086aab3fed96a53a0,26ec4021e615be5b2de99a82ec665446527db2d9c9735806e245848c74a6af0b,793eebd8ad0a05a486602b2f2ccd3afd2e75a192db7ffd739c30386baa3a3cba,3af182ea9aaf05bdf5910be89123739d32c80c128e37bcacfc31be3e63966498,0.003794569,0.082176838,0000
468,001a,0010,e3b0c44298fc1c149afbf4c8996fb92427ae41e4649b934ca495991b7852b855,534e4d9565b45f4f9c240dd62c6aba32e6e04eba72b9224b9e8baacc89247b29,45100227abb2412358c5b5fc04f2a5993c189d65246302bfd3d3997a661756e3,c5e536361221d6cc36d7fba4254a2e8a0a560ac6eb7c00cc979a4ab70faa3ae5,972f73882045ed27f2c061c49cca4a02ef3d64021746714086aab3fed96a53a0,26ec4021e615be5b2de99a82ec665446527db2d9c9735806e245848c74a6af0b,31dd881a624c96db71cdbe2d1e3ea1f79f67f1d0d6daf575683ba36f7438ca10,43c931c35f23993860e4a5515d6fed3975db13a02551209fe89cad87abd1746c,0.003768394,0.082185766,0000
469,001a,0010,e3b0c44298fc1c149afbf4c8996fb92427ae41e4649b934ca495991b7852b855,49d22dfac8cadc98863882f17ed48e7b1c1f39b47dedec564cc7ca0a6ec8803d,3a5efb56e6a4ce1d60ba0da1851d0aaea275f14b47b00f10dad466d8b082a366,c5e536361221d6cc36d7fba4254a2e8a0a560ac6eb7c00cc979a4ab70faa3ae5,972f73882045ed27f2c061c49cca4a02ef3d64021746714086aab3fed96a53a0,26ec4021e615be5b2de99a82ec665446527db2d9c9735806e245848c74a6af0b,ad495e061794ec4af083eb8d8b07de9049cf366cd8193ea4f23f9633f0afd2d4,c9974d19b822d680d0508146cb6d67708ab470693a2586bd26fea6cf27dd6af5,0.003770284,0.082227233,0000
470,001a,0010,e3b0c44298fc1c149afbf4c8996fb92427ae41e4649b934ca495991b7852b855,6d7177220528fa87d4ba97c2c1ba40a9b6557776555289ceb23c3d6c81963766,f2591fcc3545b9415d7bfedbf6185b123b6f1827d5352cb4604c6d58e22f8856,c5e536361221d6cc36d7fba4254a2e8a0a560ac6eb7c00cc979a4ab70faa3ae5,972f73882045ed27f2c061c49cca4a02ef3d64021746714086aab3fed96a53a0,26ec4021e615be5b2de99a82ec665446527db2d9c9735806e245848c74a6af0b,3aba1cbd7d06c703084f9b2621d594ab1c6920749ee2881ca03c78c82572f89f,0c9ba8fd2a0f2c6fdff5483fad12fdfc8e178e16419deb278fd2d915112da6ce,0.003786465,0.082186227,0000
471,001a,0010,e3b0c44298fc1c149afbf4c8996fb92427ae41e4649b934ca495991b7852b855,513e1aacad32e25a1a0f914ba7335de2928122db4acb4cf34730638560a7b7a8,2fd773853e68066167950dc592e285e88ef1d3031322dcbd8400ea374509ec8e,c5e536361221d6cc36d7fba4254a2e8a0a560ac6eb7c00cc979a4ab70faa3ae5,972f73882045ed27f2c061c49cca4a02ef3d64021746714086aab3fed96a53a0,26ec4021e615be5b2de99a82ec665446527db2d9c9735806e245848c74a6af0b,37bd3dac01bc26606cfbf9b60bfe33fc325e3fce32594982677cbde0940079b7,796a746d8fc03597b655ec831387ce3c7df4c84cffea8e5da506e77ddad9a404,0.003740338,0.082226933,0000
472,001a,0010,e3b0c44298fc1c149afbf4c8996fb92427ae41e4649b934ca495991b7852b855,6c92e67372312696d950501973cbb97dce5375bfd37fa3cedf182bb9f00640d7,4e5f25f4df7ee7d8f4f7adc0c954633acaaec60c42c810115eecb30282decf57,c5e536361221d6cc36d7fba4254a2e8a0a560ac6eb7c00cc979a4ab70faa3ae5,972f73882045ed27f2c061c49cca4a02ef3d64021746714086aab3fed96a53a0,26ec4021e615be5b2de99a82ec665446527db2d9c9735806e245848c74a6af0b,6be210aceca36608f1bef5369b445dae5dcaf1879ab682b0b65a453790d6ed96,180b7eff1f05b6b1c938783202e012ad2090e96530a0bbccd4a97e44166d4789,0.003776316,0.082219266,0000
473,001a,0010,e3b0c44298fc1c149afbf4c8996fb92427ae41e4649b934ca495991b7852b855,3ca5b5596f58019156237438f8f60738ad43d3e44949011f48856a0074cdb44b,6eaca443187f0dfe235b602b1fd1a0e9b08730e9203cabf1905544da49608cd8,c5e536361221d6cc36d7fba4254a2e8a0a560ac6eb7c00cc979a4ab70faa3ae5,972f73882045ed27f2c061c49cca4a02ef3d64021746714086aab3fed96a53a0,26ec4021e615be5b2de99a82ec665446527db2d9c9735806e245848c74a6af0b,b7e7d1818ab2e48e9a829fb83ddc56e0ac35c5310b754787a23497c3c30d74dd,7d29e7153ffa1dddc05c373385090658f511b1bc75f72018b997b9e7b8ce94a9,0.003774500,0.082158463,0000
474,001a,0010,e3b0c44298fc1c149afbf4c8996fb92427ae41e4649b934ca495991b7852b855,6053361d2ee5996527bafe2f1d29a91031bfa08705081235f9457900a3e2815e,e2881ae9b77373ca62fe7e4a7559afc215353099e9eb76cdeb6d825374b4c5e6,c5e536361221d6cc36d7fba4254a2e8a0a560ac6eb7c00cc979a4ab70faa3ae5,972f73882045ed27f2c061c49cca4a02ef3d64021746714086aab3fed96a53a0,26ec4021e615be5b2de99a82ec665446527db2d9c9735806e245848c74a6af0b,b9d5310f32bad142a0b7cebab501a9b525ab9c5e5340ead114ce69fdaa930eeb,b98fa418ae5fd47614517c182055e6f2ffbbcb9ab784f026faf02ecc8d5058ce,0.003762812,0.082230747,0000
475,001a,0010,e3b0c44298fc1c149afbf4c8996fb92427ae41e4649b934ca495991b7852b855,0dc381433efce9fbc2f8683963b127bb8d7fd24795e5b397e70dbd217f5d012a,598af980785d50326e7e03cb95c8d7c4305ec583ce6e724983d4d3642bf54726,c5e536361221d6cc36d7fba4254a2e8a0a560ac6eb7c00cc979a4ab70faa3ae5,972f73882045ed27f2c061c49cca4a02ef3d64021746714086aab3fed96a53a0,26ec4021e615be5b2de99a82ec665446527db2d9c9735806e245848c74a6af0b,3f70932e2e7afeda21773f29f5668d2fe88f5ecf92dd654e0ea40133c8cf239b,c380193ae8572bd13b7a6eab55733821e5086281976f7f0dc02e3e624070d8ae,0.003763764,0.082221334,0000
476,001a,0010,e3b0c44298fc1c149afbf4c8996fb92427ae41e4649b934ca495991b7852b855,8dbaaf74ae64fdf7f182e8028ca9a4cfa0b1495454e4a812af335777c351dfcf,cd71657b968844e00fccb7062aca7ead232f1976822ac62cbbd1bf618f556a4b,c5e536361221d6cc36d7fba4254a2e8a0a560ac6eb7c00cc979a4ab70faa3ae5,972f73882045ed27f2c061c49cca4a02ef3d64021746714086aab3fed96a53a0,26ec4021e615be5b2de99a82ec665446527db2d9c9735806e245848c74a6af0b,c56460ff0cdff152647c0deda17026f104758a6126d5d77a3c4ef3073fc0ba2f,19ffd4fbdda99b386074a90dbbf5f46dd3b29f54b645b42844069f49c1a6b4f0,0.003737670,0.082210588,0000
477,001a,0010,e3b0c44298fc1c149afbf4c8996fb92427ae41e4649b934ca495991b7852b855,da2522e8f1b17ad03468bed5ebc65d4c2fb678e4ec40a212b1631db7f053c932,85da73280556bb7ce8ac0bf93c881063b760a0bb2df6c996345cece09602d328,c5e536361221d6cc36d7fba4254a2e8a0a560ac6eb7c00cc979a4ab70faa3ae5,972f73882045ed27f2c061c49cca4a02ef3d64021746714086aab3fed96a53a0,26ec4021e615be5b2de99a82ec665446527db2d9c9735806e245848c74a6af0b,b2b5a315e29ee75abc04c34421b52a91e0d74df0e95671a1379fc7cfac2882e9,4f55afea214140135f43b733c63ff1e6451722e40884833341c61ae864e5cdb2,0.003746916,0.082201087,0000
478,001a,0010,e3b0c44298fc1c149afbf4c8996fb92427ae41e4649b934ca495991b7852b855,feb9aa82a2ac25e65d2172faf2d078953fe0c13a5cb75bbd61b39f630266c2fa,67305a70d6efa440726cb8a345edf8476d172673a3b70d430db7b30e24511b72,c5e536361221d6cc36d7fba4254a2e8a0a560ac6eb7c00cc979a4ab70faa3ae5,972f73882045ed27f2c061c49cca4a02ef3d64021746714086aab3fed96a53a0,26ec4021e615be5b2de99a82ec665446527db2d9c9735806e245848c74a6af0b,3ac8e420a4bbae8d48f6b784edfe6515fccdb6b054e700e92e450eba4588a7aa,e421de3699e5ba3eabe632d7607da2ac646ef8adf73bee442a80c1132c978048,0.003751881,0.082232136,0000
479,001a,0010,e3b0c44298fc1c149afbf4c8996fb92427ae41e4649b934ca495991b7852b855,31a9f5c18bf34f814ef3ff6a365b17543a6faf9283bebe7bb0a3ed8b6cd2e86c,dc12a6821bb6b840e7de803f323c56b73aaa129954185b97cf41597208d6c950,c5e536361221d6cc36d7fba4254a2e8a0a560ac6eb7c00cc979a4ab70faa3ae5,972f73882045ed27f2c061c49cca4a02ef3d64021746714086aab3fed96a53a0,26ec4021e615be5b2de99a82ec665446527db2d9c9735806e245848c74a6af0b,add868b3847459eed66b56461e8d37880cbcdc49fd6de3e0135b358412fe51b3,17b29ba8d7d06080d3896acd9231edb913ebc8fde466935d4e5d732dece53f55,0.003574526,0.082247869,0000
480,001a,0010,e3b0c44298fc1c149afbf4c8996fb92427ae41e4649b934ca495991b7852b855,e682e97c25ddffacae61a7ebd497e707f018bab33a08a92471cb6e1fb7bc343b,5d4f649653de69f5e6bb3de15ec489692d27fa1d6ed0d6f9fe41ae707dbe7408,c5e536361221d6cc36d7fba4254a2e8a0a560ac6eb7c00cc979a4ab70faa3ae5,972f73882045ed27f2c061c49cca4a02ef3d64021746714086aab3fed96a53a0,26ec4021e615be5b2de99a82ec665446527db2d9c9735806e245848c74a6af0b,5f28a9d03e54e509b3dcd5d5efe0974051f9a56711d01cf07acf8132cf995cf5,033e99aa8b6a14dcc3e7f3a2e469938f356c23302d74d2477ddbe24a2a2bf222,0.003747518,0.082390096,0000
481,001a,0010,e3b0c44298fc1c149afbf4c8996fb92427ae41e4649b934ca495991b7852b855,70b8492cad14577cc3ce5ddb2122d9e7ee26163c69cc17451a8771276ff6a16b,fdf29cd820c27d6eeecf81f358adcef9af5eb106429c33190281c7868e3a0e89,c5e536361221d6cc36d7fba4254a2e8a0a560ac6eb7c00cc979a4ab70faa3ae5,972f73882045ed27f2c061c49cca4a02ef3d64021746714086aab3fed96a53a0,26ec4021e615be5b2de99a82ec665446527db2d9c9735806e245848c74a6af0b,dbe764582cdfab2af7f6c27a915be2e51bd4290bfda6747f2dc19a74303824ff,992fdc001a85d21b04e12c6cdba5b8c6f6a5846791e1dcc185ef7f8a7414ea9d,0.004137238,0.082254033,0000
482,001a,0010,e3b0c44298fc1c149afbf4c8996fb92427ae41e4649b934ca495991b7852b855,29a15d865305b70dfdba453d020dd876f9762e08fd13f4ea15d5996a0fb2e55c,ab3dfb46d10b7207f5814e65357c8b14d9aac308cc8ad22a5152163a3cd3f813,c5e536361221d6cc36d7fba4254a2e8a0a560ac6eb7c00cc979a4ab70faa3ae5,972f73882045ed27f2c061c49cca4a02ef3d64021746714086aab3fed96a53a0,26ec4021e615be5b2de99a82ec665446527db2d9c9735806e245848c74a6af0b,2ea5e6b10bc805c08766794459b9c8415c2577a0693a0508d0b1f2a3c9cd20fe,ec6b543fca77ffe15088b8ba927364136d75853f142a4c00bafeed161e1549af,0.003772041,0.081832382,0000
483,001a,0010,e3b0c44298fc1c149afbf4c8996fb92427ae41e4649b934ca495991b7852b855,b2a7ea1e96850cbed4fe4028ecfbc3b0c05397ef72ab42fbb773f3726e0d2174,6e314d66f8e42efc4e3927c105cc530c25ccf81a0737b792e64a3206f8358ec7,c5e536361221d6cc36d7fba4254a2e8a0a560ac6eb7c00cc979a4ab70faa3ae5,972f73882045ed27f2c061c49cca4a02ef3d64021746714086aab3fed96a53a0,26ec4021e615be5b2de99a82ec665446527db2d9c9735806e245848c74a6af0b,d8021eaf33b17658f8e3ec2988b782bd12d5cce575a5eb061eb249e98b869640,5b104b9fe84c6afe6158829e4536df68b310e2eb18552eda147d5ea0ed311f8b,0.003799817,0.082172182,0000
484,001a,0010,e3b0c44298fc1c149afbf4c8996fb92427ae41e4649b934ca495991b7852b855,9d2231de5a2e841e82f75748882041dc46b952435a9b337eab8716878d385109,ff8d8f1c548a5c1dba73e2f78b3077243435c743eca2b211e440a269f027c13b,c5e536361221d6cc36d7fba4254a2e8a0a560ac6eb7c00cc979a4ab70faa3ae5,972f73882045ed27f2c061c49cca4a02ef3d64021746714086aab3fed96a53a0,26ec4021e615be5b2de99a82ec665446527db2d9c9735806e245848c74a6af0b,439d09c28f781566b29e6a81ad3217266bc48747a9c4fd78fec050425912c6c1,751ec64d38452477eeaac70b7f5932d16c2788ee3074190dfef533084424cf05,0.003754095,0.082197831,0000
485,001a,0010,e3b0c44298fc1c149afbf4c8996fb92427ae41e4649b934ca495991b7852b855,9f9c29a829d8a0e99fce9e92c2c54fe5759928a9b60108f9a0033cb2c275cd2f,7e5381596b4cc7588429d0931a4c2c4ad597c1cebb75dabf28f9e775837f6e66,c5e536361221d6cc36d7fba4254a2e8a0a560ac6eb7c00cc979a4ab70faa3ae5,972f73882045ed27f2c061c49cca4a02ef3d64021746714086aab3fed96a53a0,26ec4021e615be5b2de99a82ec665446527db2d9c9735806e245848c74a6af0b,3a46de53df5fa14e364016d25b241eda37e9044b0cf3fd6590c1c43d15b20505,7302a144f2fd6585c8e2fd92296d670d1d7da74d2b75d45747160e78adbfa7f5,0.003762771,0.082211796,0000
486,001a,0010,e3b0c44298fc1c149afbf4c8996fb92427ae41e4649b934ca495991b7852b855,c8948a7b48ff67b509d2b73a7d686b1d3d2c9b2470e2e0978ce583850101cc26,77b80512627aca5caac6f3ee3f4cc945f9f66ea82414679a3a4ea86460d30bb4,c5e536361221d6cc36d7fba4254a2e8a0a560ac6eb7c00cc979a4ab70faa3ae5,972f73882045ed27f2c061c49cca4a02ef3d64021746714086aab3fed96a53a0,26ec4021e615be5b2de99a82ec665446527db2d9c9735806e245848c74a6af0b,6e3ed477f8613be45d099faf72d7a4dc5caece8dd0982c72591a33c0e0d35cb0,acd4c13d3431e3148dda25bcd40bce99e0606a41a7cacdfa5d4bbc3834efe04c,0.003755391,0.082197623,0000
487,001a,0010,e3b0c44298fc1c149afbf4c8996fb92427ae41e4649b934ca495991b7852b855,b54f74f9df11496fbd62254f54c802426cb2a9e3d117a48434bac9b6b4652e2c,3b32e586896aa3ec1ba36da42cff4352f65f178eea46b72d0f48edc755e26dc4,c5e536361221d6cc36d7fba4254a2e8a0a560ac6eb7c00cc979a4ab70faa3ae5,972f73882045ed27f2c061c49cca4a02ef3d64021746714086aab3fed96a53a0,26ec4021e615be5b2de99a82ec665446527db2d9c9735806e245848c74a6af0b,a9b9168358b3ab125e19be31978c94c61738cc46bd3a188b774260d89f773584,60736102ed672a466df232dfe3555d395692d0644bd0a69da30fb4638563ae22,0.003788348,0.082241946,0000
488,001a,0010,e3b0c44298fc1c149afbf4c8996fb92427ae41e4649b934ca495991b7852b855,99b5014915e3fdb2dad7494fe89f25200ba96c56635ec859d6cc4e1e625e371f,b14c7bbeafb8f5fefb644851af281d8be10386179e5ef7dae08b1ed93ed415b9,c5e536361221d6cc36d7fba4254a2e8a0a560ac6eb7c00cc979a4ab70faa3ae5,972f73882045ed27f2c061c49cca4a02ef3d64021746714086aab3fed96a53a0,26ec4021e615be5b2de99a82ec665446527db2d9c9735806e245848c74a6af0b,5ae279954b27ded12c86ceb3babe6f96df639704d24c0d735a436b6fe16bac9d,bb9f49ff8132ead28d62e15cbb25072d46374322634d0094dc5b446f07b021ee,0.003777571,0.082180698,0000
489,001a,0010,e3b0c44298fc1c149afbf4c8996fb92427ae41e4649b934ca495991b7852b855,5949454028a0db015517241eb3bdd022e08c027bfa11f4f8aafbbee242169c9a,21de451df4f3fba7889d99896db1124cb2768699cf03323039b597b10696c88d,c5e536361221d6cc36d7fba4254a2e8a0a560ac6eb7c00cc979a4ab70faa3ae5,972f73882045ed27f2c061c49cca4a02ef3d64021746714086aab3fed96a53a0,26ec4021e615be5b2de99a82ec665446527db2d9c9735806e245848c74a6af0b,20d062f7b96c0af0bc735b34b5073518eaa79622547bfb7bd5ccc543bf4caa97,d3d3249b7e998e5178b10bb066b6643db7be048782d682ef6e6ea4de27c48565,0.003726863,0.082242994,0000
490,001a,0010,e3b0c44298fc1c149afbf4c8996fb92427ae41e4649b934ca495991b7852b855,9b0596de6d4fb67e42dacd10e56418fd5e314037441f038f904ddcd36cdcd5f4,34d3be0165a3f17497edbbd337e9356f6e31f750c528bd55a82ff9ee02eaeb39,c5e536361221d6cc36d7fba4254a2e8a0a560ac6eb7c00cc979a4ab70faa3ae5,972f73882045ed27f2c061c49cca4a02ef3d64021746714086aab3fed96a53a0,26ec4021e615be5b2de99a82ec665446527db2d9c9735806e245848c74a6af0b,cf62ec6e4a03046019b0b537ab21d5ae1e921cf3d134cdf06e44c5bd3764fb11,79d3b86011814023cfaf2590fc550f680076ee0eeaeef8839fc85eb5c6d6e915,0.003821732,0.082221969,0000
491,001a,0010,e3b0c44298fc1c149afbf4c8996fb92427ae41e4649b934ca495991b7852b855,8f87c89d9464ff6e70261a92ac3a75d64272b7de2388097bb03fb73413704d69,1b7d35dfe8d6a9602e8ba75bab689b76def336585cf66cac04711d499893512f,c5e536361221d6cc36d7fba4254a2e8a0a560ac6eb7c00cc979a4ab70faa3ae5,972f73882045ed27f2c061c49cca4a02ef3d64021746714086aab3fed96a53a0,26ec4021e615be5b2de99a82ec665446527db2d9c9735806e245848c74a6af0b,e9a7c0b6ad1ba503c837b713fa76c3f022d12ca27381f28c5212627cae3a8cb8,903efa35e720f50c38661e668edf824b5e104cc2ee2ff98c8199319f0e2f542c,0.003803390,0.082121643,0000
492,001a,0010,e3b0c44298fc1c149afbf4c8996fb92427ae41e4649b934ca495991b7852b855,e1c40f721a19fd1f22d984316c9e4d941e9473ea219304db7a705d3e48f1cb23,755ea31f6028e17ce1fb1ff124a291c0191ecdb6eafe3d00efd22643e99fe872,c5e536361221d6cc36d7fba4254a2e8a0a560ac6eb7c00cc979a4ab70faa3ae5,972f73882045ed27f2c061c49cca4a02ef3d64021746714086aab3fed96a53a0,26ec4021e615be5b2de99a82ec665446527db2d9c9735806e245848c74a6af0b,ac4c61d3897447a37fb9700df7be79cb858b0c0b90c5bc8631a1749db0446ef9,18f3042722d215aeab7bba3c62d13a0b0b1c264f8e8e585b0aacd4289da5d6d9,0.003765380,0.082198021,0000
493,001a,0010,e3b0c44298fc1c149afbf4c8996fb92427ae41e4649b934ca495991b7852b855,eaaf11081988bfe755ec581b706c3cd7481bc769ca95b11837009be18187e6fa,6b9b7e357f00fa85dc6b638597840e66f390f715fb956c11a40dc3e1ddc7c2fd,c5e536361221d6cc36d7fba4254a2e8a0a560ac6eb7c00cc979a4ab70faa3ae5,972f73882045ed27f2c061c49cca4a02ef3d64021746714086aab3fed96a53a0,26ec4021e615be5b2de99a82ec665446527db2d9c9735806e245848c74a6af0b,7625d6af47e48819cbe2fb1bb09251d8b24d59166fb022c17ed21c046a1fa57e,d7569ec44900f00dd89a7f7d281ae268e8b24862c48dd910b552acd595c1a7b4,0.003790491,0.082185230,0000
494,001a,0010,e3b0c44298fc1c149afbf4c8996fb92427ae41e4649b934ca495991b7852b855,2a7e69fb124cc9d95274fa0d0004e3b1d2497c20bf3c0eb216342b88b0d99e54,98713172282823da0dccf672ac6f94afa08e8bafc8008ff8d47003749c540534,c5e536361221d6cc36d7fba4254a2e8a0a560ac6eb7c00cc979a4ab70faa3ae5,972f73882045ed27f2c061c49cca4a02ef3d64021746714086aab3fed96a53a0,26ec4021e615be5b2de99a82ec665446527db2d9c9735806e245848c74a6af0b,0e159e3a7e6d35ee400a168a3ce629a2ad56b20dab7acb38672cddbd96a1940f,ac2a97aa173f05f428ad1f52dce76237173f9e19636b7a19535ff6676ae7aeb0,0.003747094,0.082197223,0000
495,001a,0010,e3b0c44298fc1c149afbf4c8996fb92427ae41e4649b934ca495991b7852b855,070425ddacb1938ad11b2ad4fcf2851d82b2c27659e8abb9bc36b715d51b7a46,c9f60a441e804b6a6c943969cfb6c1ee9d8a6fb31528b0cdb08bb40c081a8ca4,c5e536361221d6cc36d7fba4254a2e8a0a560ac6eb7c00cc979a4ab70faa3ae5,972f73882045ed27f2c061c49cca4a02ef3d64021746714086aab3fed96a53a0,26ec4021e615be5b2de99a82ec665446527db2d9c9735806e245848c74a6af0b,597e3ebdd7b6990759d5d4098094b1eac7cd9ac508719f6e767579767472e081,57fcfb4d3f23cd797f05ecaccbff2da51b7757a6cf3c710e2a89fd96f55fce6e,0.003735634,0.082239988,0000
496,001a,0010,e3b0c44298fc1c149afbf4c8996fb92427ae41e4649b934ca495991b7852b855,0a336d2bc8722adf98b5437e1aa90aac7f771b9c9725e57fc4435780f5fedba4,13e1468e2534e56422322126056423f9a71dca37377e08633215519444bf04f8,c5e536361221d6cc36d7fba4254a2e8a0a560ac6eb7c00cc979a4ab70faa3ae5,972f73882045ed27f2c061c49cca4a02ef3d64021746714086aab3fed96a53a0,26ec4021e615be5b2de99a82ec665446527db2d9c9735806e245848c74a6af0b,225f5e27746772824b33abebf61f872c8951950553e72b179533b2cd95dfb941,43ce923d35a6603b701fd01eedc720ff5cd74808463dada1aa73a0586d56a278,0.003782903,0.082229017,0000
497,001a,0010,e3b0c44298fc1c149afbf4c8996fb92427ae41e4649b934ca495991b7852b855,e3b71f827b7d9f1d281a45a1aed7d9b23a708508601ab4b13e2945a5b6fab3df,78e2783a9d7056f5e92967f3cb16dec9d2a6573b58df8d01fb0f02c364d4dfac,c5e536361221d6cc36d7fba4254a2e8a0a560ac6eb7c00cc979a4ab70faa3ae5,972f73882045ed27f2c061c49cca4a02ef3d64021746714086aab3fed96a53a0,26ec4021e615be5b2de99a82ec665446527db2d9c9735806e245848c74a6af0b,ad1c8863a2481c1fc6fa066bedbc4e361a819fca3609472565be6ef27a9c007c,673fdb781a5e50cc20b7a1ef0a9de2140ae842e34a51b5854e5c6748f067679d,0.003769046,0.082202458,0000
498,001a,0010,e3b0c44298fc1c149afbf4c8996fb92427ae41e4649b934ca495991b7852b855,be7a9539d7bda11aa1d0a8040902fb4eb1064b68adf7a8ea44c9176becd754a3,48b57697aaddb4c3dddb515d89b896371e555dfa96ffc63a1047c8d11dd1d0ba,c5e536361221d6cc36d7fba4254a2e8a0a560ac6eb7c00cc979a4ab70faa3ae5,972f73882045ed27f2c061c49cca4a02ef3d64021746714086aab3fed96a53a0,26ec4021e615be5b2de99a82ec665446527db2d9c9735806e245848c74a6af0b,f1351b03ff3d8194daf6f87cea335033f519644e27f8f0dd4e4432fa75f444dd,86ecdda450b0e01ff2664ac4dbc868d0dfbc9128a8d84f6ddd718312cc4116b3,0.003766067,0.082191311,0000
499,001a,0010,e3b0c44298fc1c149afbf4c8996fb92427ae41e4649b934ca495991b7852b855,6b655531793f674956696b06add491009b69c6ca5cc9bd7f997546dab703bc4f,d6e74ed87dbb358459764c064075df89ce16a271db3a228fe5929fb083506de2,c5e536361221d6cc36d7fba4254a2e8a0a560ac6eb7c00cc979a4ab70faa3ae5,972f73882045ed27f2c061c49cca4a02ef3d64021746714086aab3fed96a53a0,26ec4021e615be5b2de99a82ec665446527db2d9c9735806e245848c74a6af0b,e492e37d6fde7abe86cf5e5e95fe4cfca75751741d0787a256688a5e917005f2,075e9abe287bc5362cd78afb3a5cd07291b84d73eec2a084e445faa6ad1901ec,0.003807828,0.082198390,0000
500,001a,0010,e3b0c44298fc1c149afbf4c8996fb92427ae41e4649b934ca495991b7852b855,9d1d6e6936801733acfb1a85dcc5810b1006ba3c3ff3400ad8f8b49b18de3db7,670e40b4dcdfcf8b5956e04e52095fb0649cee11f5cb416da60981edcf296621,c5e536361221d6cc36d7fba4254a2e8a0a560ac6eb7c00cc979a4ab70faa3ae5,972f73882045ed27f2c061c49cca4a02ef3d64021746714086aab3fed96a53a0,26ec4021e615be5b2de99a82ec665446527db2d9c9735806e245848c74a6af0b,24f0cb37cc1b408842627563ef5a9a8f6846f518aac6b46961af872bcde3af17,3456a8fa39d64d6f0ee9e6a6bf856d8c57b178a2bfd5635564a2afa57cea652b,0.003758451,0.082195419,0000
501,001a,0010,e3b0c44298fc1c149afbf4c8996fb92427ae41e4649b934ca495991b7852b855,e9c07df4aa851433f4522062b9b52ca07af5f723bb3b3733e259efbed9427c89,7e3787c0b4ee6d67e83c6d7bab1460ba0febe741d36b408ec0b4b1fb635ce7e8,c5e536361221d6cc36d7fba4254a2e8a0a560ac6eb7c00cc979a4ab70faa3ae5,972f73882045ed27f2c061c49cca4a02ef3d64021746714086aab3fed96a53a0,26ec4021e615be5b2de99a82ec665446527db2d9c9735806e245848c74a6af0b,06fcc655b838d727aacfd2c84a9554d8dd8372ac0a0176d21d672f09054b4488,e9a7fb50671569b5df545aa79a852360c7f8b88059d3aebbd7fe8c3f5c13d810,0.003763414,0.082203344,0000
502,001a,0010,e3b0c44298fc1c149afbf4c8996fb92427ae41e4649b934ca495991b7852b855,8c2d3ba2bc91560afe96032370dddd7a7d4435cea6371e8bc905f90e571a3397,88a26a22b019a24f7dd7674b05b99f6c3849b472d701b1ac55945c44d7c1575a,c5e536361221d6cc36d7fba4254a2e8a0a560ac6eb7c00cc979a4ab70faa3ae5,972f73882045ed27f2c061c49cca4a02ef3d64021746714086aab3fed96a53a0,26ec4021e615be5b2de99a82ec665446527db2d9c9735806e245848c74a6af0b,2d4e50ce23e1a71bfc61b20f5806712d35cbfb6e9de51e7b8a8b0ef472696f48,49d088c76e89c828be03fd65959bfa7a1b0d071e0becc13f17929dd25b843a72,0.003752880,0.082252434,0000
503,001a,0010,e3b0c44298fc1c149afbf4c8996fb92427ae41e4649b934ca495991b7852b855,1da4b0b11be408c3f0e87780835cad964df90a91d376954860833f59da823195,dc924bf3c20c6d3ffce9d3f876d0470098ed3fa069fbfe00515e43c8b69914bb,c5e536361221d6cc36d7fba4254a2e8a0a560ac6eb7c00cc979a4ab70faa3ae5,972f73882045ed27f2c061c49cca4a02ef3d64021746714086aab3fed96a53a0,26ec4021e615be5b2de99a82ec665446527db2d9c9735806e245848c74a6af0b,5adcabfc7bbf6f2febfef099e6add8b46f8b0c1c10dcbcfdbf4d2a358dd9bef9,5f6e1d0be626b2a2a4aee1fe0d5dbd0b716184ae99588b7921fa992e1e382633,0.003748099,0.082241458,0000
504,001a,0010,e3b0c44298fc1c149afbf4c8996fb92427ae41e4649b934ca495991b7852b855,8d64952d93d3fb648d4ac759709a0034591f9eade0a742a603d373f2e956d571,39921fd2ecf6d6d546741e45705997768d19958bac34be891bbf66173788dc04,c5e536361221d6cc36d7fba4254a2e8a0a560ac6eb7c00cc979a4ab70faa3ae5,972f73882045ed27f2c061c49cca4a02ef3d64021746714086aab3fed96a53a0,26ec4021e615be5b2de99a82ec665446527db2d9c9735806e245848c74a6af0b,03e4a29d31532c3c739fe2ee60dafc1f5587fb77f1e68bda1752af2e8939d3d8,9b32122c6969004e6ca75d8f7b0ac544ff0b7ed01ef0704e313290436cf74f6d,0.003799713,0.082161176,0000
505,001a,0010,e3b0c44298fc1c149afbf4c8996fb92427ae41e4649b934ca495991b7852b855,8f512d5341389cd245456b6b8538c0e3a8a9cfbeb94f9ab038605e921396cdd8,c0d3bce48c35fb88625650f3d539c72773ec5b3609ce3fa34c78142a2a7d41a9,c5e536361221d6cc36d7fba4254a2e8a0a560ac6eb7c00cc979a4ab70faa3ae5,972f73882045ed27f2c061c49cca4a02ef3d64021746714086aab3fed96a53a0,26ec4021e615be5b2de99a82ec665446527db2d9c9735806e245848c74a6af0b,a1112cc468157ed8c299616171d293f614d3d6ae5d916323a6124ca72d418507,0737bb14ecd1fa6fd85425df146ec2c1c8e09e571a2cfe337366f81db8f57c44,0.003764361,0.082205405,0000
506,001a,0010,e3b0c44298fc1c149afbf4c8996fb92427ae41e4649b934ca495991b7852b855,2e6434d263401c6c09540188d9f92317d8a4181087b7a30edabe49d13a6b497d,8a25d2c046d00f9dee0cc5af65c20a43e6d8b6073cf4553639e4d72d573e979a,c5e536361221d6cc36d7fba4254a2e8a0a560ac6eb7c00cc979a4ab70faa3ae5,972f73882045ed27f2c061c49cca4a02ef3d64021746714086aab3fed96a53a0,26ec4021e615be5b2de99a82ec665446527db2d9c9735806e245848c74a6af0b,5286672c5d1e8f15cf99bb2b4d6fda7b872804fb291ebe0d846074e6ded42a81,e8eb4ce5b2ae9ec65666ba00e25d41e83e2890ba76553983206a378927aea67e,0.003785567,0.082188358,0000
507,001a,0010,e3b0c44298fc1c149afbf4c8996fb92427ae41e4649b934ca495991b7852b855,c6f0da25278e02dce3d3db387982495268c099946b8c048a30ca3819133cf44a,b919202d3759d9e51801c43e6ed77844750365bf17a0504870754b7c5837cfe5,c5e536361221d6cc36d7fba4254a2e8a0a560ac6eb7c00cc979a4ab70faa3ae5,972f73882045ed27f2c061c49cca4a02ef3d64021746714086aab3fed96a53a0,26ec4021e615be5b2de99a82ec665446527db2d9c9735806e245848c74a6af0b,3783b0ad1fdfc314b51d6304ba954f71c3d1b14a79d01262a6fdff1e0cf3e8b8,51c3b7804e9fe6a1e351c818c2c71818d060e088eb95102aa921ac33f0f67479,0.003745411,0.082232233,0000
508,001a,0010,e3b0c44298fc1c149afbf4c8996fb92427ae41e4649b934ca495991b7852b855,0638ae854c93ef2558df6852580c7f7cdcac5709689b33bb25bd0e5269f7d708,7f7c4b9136418c5f55a2f867e1ab701829f6e7518a32e306ebe40515fef2d6da,c5e536361221d6cc36d7fba4254a2e8a0a560ac6eb7c00cc979a4ab70faa3ae5,972f73882045ed27f2c061c49cca4a02ef3d64021746714086aab3fed96a53a0,26ec4021e615be5b2de99a82ec665446527db2d9c9735806e245848c74a6af0b,a4ef221ae9c96fe289a54d8e1fc25a548befeb1fcf359132ac8c4247452a66da,5d69645dcf0741d949dbeb78cac578b6d03e38dc869f8c1fd84a1d417c8f0c11,0.003645587,0.082200139,0000
509,001a,0010,e3b0c44298fc1c149afbf4c8996fb92427ae41e4649b934ca495991b7852b855,075fc86ed399d55922203c2b1a8d6caaa473afcc08bc9ca02825bf67c5553ebc,b601ec3477e26d6727b62341601da545b95fc22bdd98109617eb2a90d800ae6d,c5e536361221d6cc36d7fba4254a2e8a0a560ac6eb7c00cc979a4ab70faa3ae5,972f73882045ed27f2c061c49cca4a02ef3d64021746714086aab3fed96a53a0,26ec4021e615be5b2de99a82ec665446527db2d9c9735806e245848c74a6af0b,f9184ce93ec1d82d668707e9dede57dd0feecd773309f2fc95b56e52c3cf1874,82c1e73c23b1d859b7023b229fabc660b3f83b5448cd714a90a150fb8f3fd79a,0.003806870,0.082305487,0000
510,001a,0010,e3b0c44298fc1c149afbf4c8996fb92427ae41e4649b934ca495991b7852b855,8aec7c24197105ae6e9a697931eb10e0c447b73ca2ecad7fe950e5db3e53a1c4,9c67f48f230017c7e0947a7e58e44239f698db898255c24f2e17d05c235b357c,c5e536361221d6cc36d7fba4254a2e8a0a560ac6eb7c00cc979a4ab70faa3ae5,972f73882045ed27f2c061c49cca4a02ef3d64021746714086aab3fed96a53a0,26ec4021e615be5b2de99a82ec665446527db2d9c9735806e245848c74a6af0b,93d20b4de6abed50efe4e538fd068b9cd92d8ae004366e929d706accc91dd851,399153e388af30e759675d7c19c7536ff901a57ccd4f3fc4766824a24d4cc0d3,0.003775659,0.082201374,0000
511,001a,0010,e3b0c44298fc1c149afbf4c8996fb92427ae41e4649b934ca495991b7852b855,85bd9b89f9da17741121111c3cc6fe7f458713ad318ab461b3bcc71b971ffc10,728284628fc7e3eeef3cac72615da010f2061a6401d51a22608638fd845b65da,c5e536361221d6cc36d7fba4254a2e8a0a560ac6eb7c00cc979a4ab70faa3ae5,972f73882045ed27f2c061c49cca4a02ef3d64021746714086aab3fed96a53a0,26ec4021e615be5b2de99a82ec665446527db2d9c9735806e245848c74a6af0b,c435018b26403b246b01169ddf73e7b0c2671a8b42c4638e85c722880e7538ae,e331cc3a87bd66111990483de1021cb203b2424bd86ab2370e1932da78018e46,0.003596750,0.082188099,0000
512,001a,0010,e3b0c44298fc1c149afbf4c8996fb92427ae41e4649b934ca495991b7852b855,9c1cf0d3794740e12a776f1e2870c66f5a5f893353eb5bf283852c33b35fd939,7f325e53d03557bed7cc75500c4e2f4de204c020a1b2095425c532e5c3522196,c5e536361221d6cc36d7fba4254a2e8a0a560ac6eb7c00cc979a4ab70faa3ae5,972f73882045ed27f2c061c49cca4a02ef3d64021746714086aab3fed96a53a0,26ec4021e615be5b2de99a82ec665446527db2d9c9735806e245848c74a6af0b,3d61960090449eaf494b1b9d2284e1305af573fd596a98fb6c714fec48e7af06,1394cf1b77a333c6a406d9627669907e281a9c8fb0156aaa214cdf786e9fc362,0.003778953,0.082383329,0000
513,001a,0010,e3b0c44298fc1c149afbf4c8996fb92427ae41e4649b934ca495991b7852b855,650a4123141e90e2f8714b2132b61774a26eda733566d8531cab41ba88a34594,b525dc4882a6bfd971d37282f318e6e4fdeb5ad5e6ea0ba2b724d2d1736346de,c5e536361221d6cc36d7fba4254a2e8a0a560ac6eb7c00cc979a4ab70faa3ae5,972f73882045ed27f2c061c49cca4a02ef3d64021746714086aab3fed96a53a0,26ec4021e615be5b2de99a82ec665446527db2d9c9735806e245848c74a6af0b,2f9bc186ff7903a0714d285362ccf6614a8ced420d020b60ab3a639b0f2d3fe3,4e135f9196b559ece71fbebf89911a10a08f989bb05efa72bceef538304efc79,0.003726843,0.082190211,0000
514,001a,0010,e3b0c44298fc1c149afbf4c8996fb92427ae41e4649b934ca495991b7852b855,d7c6e441a8ec4c1c67ed9427fbc31454be69738eab82e09b3a1f98fdbe5cfbbc,4f55f4db91353c5f4f509a4eae090b1d35d491c2c8ca0f78e7503a1b8c337769,c5e536361221d6cc36d7fba4254a2e8a0a560ac6eb7c00cc979a4ab70faa3ae5,972f73882045ed27f2c061c49cca4a02ef3d64021746714086aab3fed96a53a0,26ec4021e615be5b2de99a82ec665446527db2d9c9735806e245848c74a6af0b,4a070751305a4d31d49fa47b7982cdaa45e6d8cf8976180d39ad0b815fe6c11f,2229bd22cb91165e4cfa797e0246db4d337c507d636e5e2ba3554e67e314f441,0.003782289,0.082235781,0000
515,001a,0010,e3b0c44298fc1c149afbf4c8996fb92427ae41e4649b934ca495991b7852b855,b8d707d2e9050e1d0bd95d0fbba5e22e7a7618c472d9a0341b77d7b7c9860dd2,450b1ba9318fec39b9c13d6002db7442b6597e04bbaedd7c3d1f633be662064f,c5e536361221d6cc36d7fba4254a2e8a0a560ac6eb7c00cc979a4ab70faa3ae5,972f73882045ed27f2c061c49cca4a02ef3d64021746714086aab3fed96a53a0,26ec4021e615be5b2de99a82ec665446527db2d9c9735806e245848c74a6af0b,5717bc1134908a7473439513e8816a1a484a6f951ae8122ad5d8fba515f97150,a00ca24f993417642bc1f25b12e125d0bc09b77fd8ed5490ef79d4ccd58520c7,0.003723465,0.082239798,0000
516,001a,0010,e3b0c44298fc1c149afbf4c8996fb92427ae41e4649b934ca495991b7852b855,205ad8a46a9cd51d8ee9dbfc8e9faa938ce33eb38326f425f6a3bb18b5d787e1,9bfc89252845431ae2622a7b4377377d98ed6ca3a1eb622d062497679822d5ee,c5e536361221d6cc36d7fba4254a2e8a0a560ac6eb7c00cc979a4ab70faa3ae5,972f73882045ed27f2c061c49cca4a02ef3d64021746714086aab3fed96a53a0,26ec4021e615be5b2de99a82ec665446527db2d9c9735806e245848c74a6af0b,8bd2f8fe4a14553043c6d65cd13ad9ee2c9c9562c71484d66ae6cc320c213a65,35f4c0ba81c909eed7d5f79c271f8d12bd5e968a030367361a1a7cc4a8ebf6d6,0.003793103,0.082207365,0000
517,001a,0010,e3b0c44298fc1c149afbf4c8996fb92427ae41e4649b934ca495991b7852b855,132ed7d0325d6f3636da3cfe761c961c64a12f63e57a1be8ae97f49a9262da42,f0507ab44dec796b1bb8201c5105b5de4215be99886cc69895bd51364a55e6cc,c5e536361221d6cc36d7fba4254a2e8a0a560ac6eb7c00cc979a4ab70faa3ae5,972f73882045ed27f2c061c49cca4a02ef3d64021746714086aab3fed96a53a0,26ec4021e615be5b2de99a82ec665446527db2d9c9735806e245848c74a6af0b,10eef858be3caf723f2fed4908cd24d9411349b238270d5f6a263e02fbdd0caf,5d7675f9e3303b007667b3b972841a9e05fccac782e53db6cac492f5ca95d286,0.003506913,0.082100137,0000
518,001a,0010,e3b0c44298fc1c149afbf4c8996fb92427ae41e4649b934ca495991b7852b855,dc429c22a660c3e4844a735db0c3bfcfa001da407f2df37a7431c9c530f49005,84864bef3d5a662883839b511cefd25a30c9c15326e4bddbc6add1d04cb68160,c5e536361221d6cc36d7fba4254a2e8a0a560ac6eb7c00cc979a4ab70faa3ae5,972f73882045ed27f2c061c49cca4a02ef3d64021746714086aab3fed96a53a0,26ec4021e615be5b2de99a82ec665446527db2d9c9735806e245848c74a6af0b,5746a1403799d67e9218a801100293eb22e0008fcdfb8a69bf27c6bd69175101,8aa36a9248f482dcd52e5ff8c3c7530adf6f34eb543de9d8543cf2dfa5c2324f,0.003791852,0.082567709,0000
519,001a,0010,e3b0c44298fc1c149afbf4c8996fb92427ae41e4649b934ca495991b7852b855,49ad41b8b4758ae0b3d6a9d490c7f331ff0b1b26fbb9521517feb2993249e3fc,04763839d0a755c0984443e9e75f366329902f10f2a4f44455a8df2e990e3d09,c5e536361221d6cc36d7fba4254a2e8a0a560ac6eb7c00cc979a4ab70faa3ae5,972f73882045ed27f2c061c49cca4a02ef3d64021746714086aab3fed96a53a0,26ec4021e615be5b2de99a82ec665446527db2d9c9735806e245848c74a6af0b,03ff032082c75079777349feffbd0a209d64acb4ea2948adce1769c6643c6c30,92fd010b6a969e908b1ee57d5f51ed63509d77b1164d1e23c59df684c97edf7e,0.003762002,0.082166302,0000
520,001a,0010,e3b0c44298fc1c149afbf4c8996fb92427ae41e4649b934ca495991b7852b855,2a22c74045a4219a7962e8b8fb83054293d6ec9ca953f2d656b4eb537c45827d,fda9b4668f71c937b6a0357586f58196ac4e7035ff1ce3a1cc12ce730940d503,c5e536361221d6cc36d7fba4254a2e8a0a560ac6eb7c00cc979a4ab70faa3ae5,972f73882045ed27f2c061c49cca4a02ef3d64021746714086aab3fed96a53a0,26ec4021e615be5b2de99a82ec665446527db2d9c9735806e245848c74a6af0b,a008485fa02673f375e32568618c8bd4a9d6c2a50b6463a039265b743bd25c56,2f4fe05e131363ca6f43bfbc6402564e5a124fa93bcf37b50e25b7c6685dea8c,0.003726030,0.082267116,0000
521,001a,0010,e3b0c44298fc1c149afbf4c8996fb92427ae41e4649b934ca495991b7852b855,4f80d593f7a6e8ad5b6acc2f9b8977faeac22f5df345d3a719deadc2b7dba8da,93f55a08fa1ebf30dbae2d7060a54f6f77ae66a4765ccf43cb67c4cdd442dc20,c5e536361221d6cc36d7fba4254a2e8a0a560ac6eb7c00cc979a4ab70faa3ae5,972f73882045ed27f2c061c49cca4a02ef3d64021746714086aab3fed96a53a0,26ec4021e615be5b2de99a82ec665446527db2d9c9735806e245848c74a6af0b,c1ed1d4005ebbfb923bf7a3d1d4caf40a480a6cf40e9b47302994a542672ef28,d3fca736a501ae4247c092412d66698fca7ebe2ae97726b1581ef7b53837c303,0.003797432,0.082195530,0000
522,001a,0010,e3b0c44298fc1c149afbf4c8996fb92427ae41e4649b934ca495991b7852b855,9fb5a8fdf6aa3d97e441b0f91d0391b305b7ddbcb455a7b7bf72ba8273fb8601,4ea378b40e97a53ff23efb54c9f8aeb51558c25d9e8041f69c6ccec77bf1bae9,c5e536361221d6cc36d7fba4254a2e8a0a560ac6eb7c00cc979a4ab70faa3ae5,972f73882045ed27f2c061c49cca4a02ef3d64021746714086aab3fed96a53a0,26ec4021e615be5b2de99a82ec665446527db2d9c9735806e245848c74a6af0b,7bc342ad50d283c47205a377e1ef64dc2595505263513b632d46105dee3246d4,4de27246010d97a0d6d9bb8254415f8ea2f8e85264b13690d2145282539d1f0e,0.003807511,0.082174306,0000
523,001a,0010,e3b0c44298fc1c149afbf4c8996fb92427ae41e4649b934ca495991b7852b855,32e9dc714924832e4e2d3d6fef981b6e21fb03c6fcd4be61642d8e62c1f57bd6,048c42b0d83156f3beeff26a6f7fce5c5b7cdc321f67588d41ff20158fdfae7d,c5e536361221d6cc36d7fba4254a2e8a0a560ac6eb7c00cc979a4ab70faa3ae5,972f73882045ed27f2c061c49cca4a02ef3d64021746714086aab3fed96a53a0,26ec4021e615be5b2de99a82ec665446527db2d9c9735806e245848c74a6af0b,300a78dcfda3b9a941c7515fa882404f39e31e39aee7c544ad8acb2e8b147cf7,c37805e918dd1f34f41cfa545bcd662f11afe833d2c8d2198837a58ca50720a9,0.003749831,0.082205385,0000
524,001a,0010,e3b0c44298fc1c149afbf4c8996fb92427ae41e4649b934ca495991b7852b855,c46909565d6b273eb25dcb548495be6ff8d7db8a8e6036149d0e547c84e598a6,5f9a32328e523ef014d977b20c86fcaa42e7d6f865666d3e6ea08e81c563c687,c5e536361221d6cc36d7fba4254a2e8a0a560ac6eb7c00cc979a4ab70faa3ae5,972f73882045ed27f2c061c49cca4a02ef3d64021746714086aab3fed96a53a0,26ec4021e615be5b2de99a82ec665446527db2d9c9735806e245848c74a6af0b,4cd849be5c4261267833357fb5e4c7d1bc3c912e42424a4f69e61a10ed4c55bb,1b9deacbf230c36b51d13cb4668bd94b55f2f5bdba393b4e88aa5b99745ef91d,0.003788047,0.082193346,0000
525,001a,0010,e3b0c44298fc1c149afbf4c8996fb92427ae41e4649b934ca495991b7852b855,d86e361883df5c675e43af1a4db30266380b6016b281ac806e31578f7970f2ac,3ecd01b5c38c9138ef881b7dcc43f0012f57f71c378e0e6cb822de70adcf7b77,c5e536361221d6cc36d7fba4254a2e8a0a560ac6eb7c00cc979a4ab70faa3ae5,972f73882045ed27f2c061c49cca4a02ef3d64021746714086aab3fed96a53a0,26ec4021e615be5b2de99a82ec665446527db2d9c9735806e245848c74a6af0b,51682bdba02402822f4bee316f9bb0c4b6fa36682745ad070c2015309e456bcf,865861843793e1e0eafe72ae6f3f2b875e054206c09e20a1a496f3786855d219,0.003772886,0.082216314,0000
526,001a,0010,e3b0c44298fc1c149afbf4c8996fb92427ae41e4649b934ca495991b7852b855,1b77b6145a1168a1a6b22dcab83253a7cfc101326a65d6a4f7cd30f576620f0b,419c3a8cdbad364309620ebf18a5a9fba23e9a47bbf841f1181397c3f340881e,c5e536361221d6cc36d7fba4254a2e8a0a560ac6eb7c00cc979a4ab70faa3ae5,972f73882045ed27f2c061c49cca4a02ef3d64021746714086aab3fed96a53a0,26ec4021e615be5b2de99a82ec665446527db2d9c9735806e245848c74a6af0b,e3fe9bf5b26bda07aabc333a065956e087d981f75e853c6d6eb4cc5e13068608,9b78069997368fb3cc284e3c809f46af2fc9d49e786b7a6b17b3841ba8025341,0.003771359,0.082190777,0000
527,001a,0010,e3b0c44298fc1c149afbf4c8996fb92427ae41e4649b934ca495991b7852b855,9d9d6d2daeafd714be25af895aee03f4d06317c71cfe748e004bb2216416b3b2,89b8ed0e5f43598f5ab46a28d874511e3b5ad88d73416cef869eb7c0f4a05543,c5e536361221d6cc36d7fba4254a2e8a0a560ac6eb7c00cc979a4ab70faa3ae5,972f73882045ed27f2c061c49cca4a02ef3d64021746714086aab3fed96a53a0,26ec4021e615be5b2de99a82ec665446527db2d9c9735806e245848c74a6af0b,0fb5c7394d01f8657b749c1aee69c2cb216a728b440070d48e224a2686bcfbbb,5d8fa86ee2b30001785d42e799ea6e87169de89eada0227887f628e92dc33800,0.003788557,0.082189091,0000
528,001a,0010,e3b0c44298fc1c149afbf4c8996fb92427ae41e4649b934ca495991b7852b855,b7563d56e0ca2e80f3d76e49ca0b9fa3384750f02e6df9bb72fc9e90f7655811,63c7124cf0bb04461eb989a36604feb533d28660939cb0fe7e8ffe82eb5057ac,c5e536361221d6cc36d7fba4254a2e8a0a560ac6eb7c00cc979a4ab70faa3ae5,972f73882045ed27f2c061c49cca4a02ef3d64021746714086aab3fed96a53a0,26ec4021e615be5b2de99a82ec665446527db2d9c9735806e245848c74a6af0b,c68fe4bc0b6b6a7a8560fc8f3c093f7e5fc64e5e1901d28e678e97fd6b8b0708,8e3ffb298c02d9605f25132063c37fcc041991f8a954d9287ec467c91e7ca83b,0.003732806,0.082193356,0000
529,001a,0010,e3b0c44298fc1c149afbf4c8996fb92427ae41e4649b934ca495991b7852b855,d60a2ff5546c3babd49ad0f72f77286277954e5824d2b1f2685a08bfd79c1670,c8e7cf20c5da6916ab0be8792442630ad117352b0379343747f474a3a4db2754,c5e536361221d6cc36d7fba4254a2e8a0a560ac6eb7c00cc979a4ab70faa3ae5,972f73882045ed27f2c061c49cca4a02ef3d64021746714086aab3fed96a53a0,26ec4021e615be5b2de99a82ec665446527db2d9c9735806e245848c74a6af0b,e5366d89cb787c648019a852715b9dae0f4e1075603b4b8a87b5bf8df35754dd,b565daa089c927e275d97e8e00d8004f0e65a09ba14b4a0d47a030e1ab331a9a,0.003766924,0.082229032,0000
530,001a,0010,e3b0c44298fc1c149afbf4c8996fb92427ae41e4649b934ca495991b7852b855,ad2627b9f62251a1bf5149b09b4a8ef539c1929aca329b0c2863afaaa6473ea4,4be161905660352d12e1a3d8865210db3e8d27f54dc088d34863fa7c595173da,c5e536361221d6cc36d7fba4254a2e8a0a560ac6eb7c00cc979a4ab70faa3ae5,972f73882045ed27f2c061c49cca4a02ef3d64021746714086aab3fed96a53a0,26ec4021e615be5b2de99a82ec665446527db2d9c9735806e245848c74a6af0b,f1b418662b9b18694213572186d681c504a10b089f1c88f79bcc809cc5ab4bb1,c1d486a0f0fdb5439ea5d1b819c2ed1f5d643944617d486fcb2afa04fcd6c93d,0.003808755,0.082187476,0000
531,001a,0010,e3b0c44298fc1c149afbf4c8996fb92427ae41e4649b934ca495991b7852b855,084a698b8d9d3f8f8fadf624b6f5219051313a162176be35e6e5779dae24ec06,747ef7eca88fff460b475388ca5e4c4ec4b5c6c8cafbf42d80cf76a901aa76f1,c5e536361221d6cc36d7fba4254a2e8a0a560ac6eb7c00cc979a4ab70faa3ae5,972f73882045ed27f2c061c49cca4a02ef3d64021746714086aab3fed96a53a0,26ec4021e615be5b2de99a82ec665446527db2d9c9735806e245848c74a6af0b,3d067e9caec7c4b7be109e6a0ed4339295a9ac6476320f762a05085dcb275ef9,37e1d79dd79e92949187d9b62c7fbfec24b421f9cfcdd8fe337e8b489a8b9f17,0.003723913,0.082193453,0000
532,001a,0010,e3b0c44298fc1c149afbf4c8996fb92427ae41e4649b934ca495991b7852b855,e2b7cd8fbb2cb33a2da6eac1af29b9db7947f393a1b25d2957fa3cac9b70d48e,9cfe33e95e8c0ea5fd7ac86ceafd2ff010d89c47b55dfa910c418bd430b29d34,c5e536361221d6cc36d7fba4254a2e8a0a560ac6eb7c00cc979a4ab70faa3ae5,972f73882045ed27f2c061c49cca4a02ef3d64021746714086aab3fed96a53a0,26ec4021e615be5b2de99a82ec665446527db2d9c9735806e245848c74a6af0b,6ae8ce7a6d1c407943beb73b738e06330f2ed0502d44eeae548fbf04266152d7,01d0b00756251bae523aceb5893d476b61be9d0ba410d7261bc5a350e313d5b3,0.003754216,0.082250322,0000
533,001a,0010,e3b0c44298fc1c149afbf4c8996fb92427ae41e4649b934ca495991b7852b855,0e7e598c9a32257b8d92068b67ffeb7931c51dc365b2f2e98eb11f13d1adb453,96c0e8a22b18198eb9fd12345b869b1899358d89d890e0d6964985faf1ede1a5,c5e536361221d6cc36d7fba4254a2e8a0a560ac6eb7c00cc979a4ab70faa3ae5,972f73882045ed27f2c061c49cca4a02ef3d64021746714086aab3fed96a53a0,26ec4021e615be5b2de99a82ec665446527db2d9c9735806e245848c74a6af0b,ba84af58c994e4e5e90a2ff216abab5858bbb79859e1e89e4f4d5bca872a10d4,32005764cd3c3688b4ddaa98d7c829cdeedc3b83c7e7779d541e4d4bb05e6b2f,0.003780470,0.082273253,0000
534,001a,0010,e3b0c44298fc1c149afbf4c8996fb92427ae41e4649b934ca495991b7852b855,352f167c07f5cc2804f57a5aa8aae7ce8774625d31a04e0391d77b012b081b7b,fe16269f96b836e62afe4285eca3a408d33659d4bb0220f3e415a2a1e5b5c70c,c5e536361221d6cc36d7fba4254a2e8a0a560ac6eb7c00cc979a4ab70faa3ae5,972f73882045ed27f2c061c49cca4a02ef3d64021746714086aab3fed96a53a0,26ec4021e615be5b2de99a82ec665446527db2d9c9735806e245848c74a6af0b,ccf174eee33977e2a45c12b466b7da4f00fb53208ace7fc0c73cef173b1329d8,c194605c3938f58007db8bcd58c462e8899379b9b8f7d4017d375da96e25fb89,0.003824995,0.082163052,0000
535,001a,0010,e3b0c44298fc1c149afbf4c8996fb92427ae41e4649b934ca495991b7852b855,65052dc87e777c75d49d7c2efe55e28dc5b5d68d1354ae40acf44bc3f5f15e89,bdb97e22a8908ed5ec2ab56ef2e14b6bbfa0492b8d792f98eb06dceffc2366bc,c5e536361221d6cc36d7fba4254a2e8a0a560ac6eb7c00cc979a4ab70faa3ae5,972f73882045ed27f2c061c49cca4a02ef3d64021746714086aab3fed96a53a0,26ec4021e615be5b2de99a82ec665446527db2d9c9735806e245848c74a6af0b,957db69594fdec35dc112fd5e925d199c54ec71ac52e98151f9caa01fd913b7b,628b6c74c86f7b0af4063ac1aed0760f22846a72645862bf7056b2275f8cb334,0.003794153,0.082131109,0000
536,001a,0010,e3b0c44298fc1c149afbf4c8996fb92427ae41e4649b934ca495991b7852b855,f58ed404f8f4fae4aa206dc73e876b0c6b040b57a8fd23f83a36ef488be7b98f,c35150e79775be3b7d087ea1ab3538129790876ec180713b58368888eb111337,c5e536361221d6cc36d7fba4254a2e8a0a560ac6eb7c00cc979a4ab70faa3ae5,972f73882045ed27f2c061c49cca4a02ef3d64021746714086aab3fed96a53a0,26ec4021e615be5b2de99a82ec665446527db2d9c9735806e245848c74a6af0b,fc1528b9d5f1cb5f2146479d235e5b8a206cae5e3d590d48f44eb0ac57092567,27127875ba4e7d38b90d09a5c5ace398ff162942f541a3000474222e0bad4e90,0.003782134,0.082181665,0000
537,001a,0010,e3b0c44298fc1c149afbf4c8996fb92427ae41e4649b934ca495991b7852b855,a080548ecd4ac5b3b02a63762b075e310a6fec6202d382ebf9d97bcce97ad7e6,cefd62d3fe272a26dc8b880af65836bf044690bca349f5cf48e655367e8a1c74,c5e536361221d6cc36d7fba4254a2e8a0a560ac6eb7c00cc979a4ab70faa3ae5,972f73882045ed27f2c061c49cca4a02ef3d64021746714086aab3fed96a53a0,26ec4021e615be5b2de99a82ec665446527db2d9c9735806e245848c74a6af0b,59ad70abbea7b74a98e8812fed9b2ff84619e3bce64411be88ff43a14fd0ada5,3c7215de7f02587c5aaf5a68530138ab7aa903d840d4370ad5586c284a281f27,0.003790113,0.082192164,0000
538,001a,0010,e3b0c44298fc1c149afbf4c8996fb92427ae41e4649b934ca495991b7852b855,28e918bdc3a8e4330b5493b3dfcb60fc554a98206d0c3ba655e77b8979484646,67699e9967345ace1ae5232936d0e5f6fb1a6663702c9d4bbfd425840dd3e771,c5e536361221d6cc36d7fba4254a2e8a0a560ac6eb7c00cc979a4ab70faa3ae5,972f73882045ed27f2c061c49cca4a02ef3d64021746714086aab3fed96a53a0,26ec4021e615be5b2de99a82ec665446527db2d9c9735806e245848c74a6af0b,d937435bc0443943660a0ffd0c81ef2a03aa97618f87eeab024870a2b5011b81,b504f4932ab0dbef8361bd47515914b2a2faaacc6cca60706e552f020798e91c,0.003742922,0.082183918,0000
539,001a,0010,e3b0c44298fc1c149afbf4c8996fb92427ae41e4649b934ca495991b7852b855,a0a8d2538b35955c24891cc8b1bbd013703515046df8106bd49926b89869377e,720225a8f2b866af767bbf7e36a0ccca710eb9b74e02b13ccfe5b44ccddab6da,c5e536361221d6cc36d7fba4254a2e8a0a560ac6eb7c00cc979a4ab70faa3ae5,972f73882045ed27f2c061c49cca4a02ef3d64021746714086aab3fed96a53a0,26ec4021e615be5b2de99a82ec665446527db2d9c9735806e245848c74a6af0b,5398537daf0c44e845423b19166e4900509888895e464a436501a915b30fa91e,f74222aefd4901da92541c65de6bcbaa2e7b5e04fcefa440bcf41c1126c2e07f,0.003743783,0.082239171,0000
540,001a,0010,e3b0c44298fc1c149afbf4c8996fb92427ae41e4649b934ca495991b7852b855,a647397fe3e72877f7529f7a5dcc7b951426edb0dacb9e0cbf565298b2cbaf32,a323701f896e0a8df809cc11a82c1812aa3fd2642f143cb0226c028dacf2e689,c5e536361221d6cc36d7fba4254a2e8a0a560ac6eb7c00cc979a4ab70faa3ae5,972f73882045ed27f2c061c49cca4a02ef3d64021746714086aab3fed96a53a0,26ec4021e615be5b2de99a82ec665446527db2d9c9735806e245848c74a6af0b,cd9e3c03ae8384b7604f60637d0582998a50518a18a101b979f2f8af34470583,bd17d368b2408d96fa4ff657a224d22185e3e55bd7b5f854c51d81d90cfffb4e,0.003792534,0.082223591,0000
541,001a,0010,e3b0c44298fc1c149afbf4c8996fb92427ae41e4649b934ca495991b7852b855,b051026a80c4607646eb6b8a0884d6ffdd223ac4b4222466c13baae940dc5785,33e223da8d59882cdae28de8cb8f42b512d3ca28aafe85dde64b85e0038c4cb0,c5e536361221d6cc36d7fba4254a2e8a0a560ac6eb7c00cc979a4ab70faa3ae5,972f73882045ed27f2c061c49cca4a02ef3d64021746714086aab3fed96a53a0,26ec4021e615be5b2de99a82ec665446527db2d9c9735806e245848c74a6af0b,4153bc216c08371b26b5ac61f294836fc44d16f0f05808779ff758223e0e40af,93c1aea5bcaa11e6de0b3babbb89123f2f9bb7213de5454f8c210a7ca74bf2d5,0.003770224,0.082174749,0000
542,001a,0010,e3b0c44298fc1c149afbf4c8996fb92427ae41e4649b934ca495991b7852b855,f0dc9e24f09c7b3bac3d8ca3f1aebba39b3049787de3105a9e00388f172d68a6,11f583ddc1ca1bfbe938a667bef0d5688a410c6d4a4b4e2df9f584607938d1ef,c5e536361221d6cc36d7fba4254a2e8a0a560ac6eb7c00cc979a4ab70faa3ae5,972f73882045ed27f2c061c49cca4a02ef3d64021746714086aab3fed96a53a0,26ec4021e615be5b2de99a82ec665446527db2d9c9735806e245848c74a6af0b,17e90a9dbc725d9baab6b292abb8ef6226a735700ecbcee85cfe8747922aeada,0e16c2aef30a19e25dd31e48b58935bbf5e1bb9c9d09a094cc2b10567568e1d5,0.003785838,0.082219720,0000
543,001a,0010,e3b0c44298fc1c149afbf4c8996fb92427ae41e4649b934ca495991b7852b855,8af2e1ed7fcf62f3ba81a46a4c837fefa4a1f99b0955bb4a14606127cbfcf4eb,bdfe1de2b30632c6c941c78fbbb422a8ccd620fe8e88667c4e0738c8688b5b36,c5e536361221d6cc36d7fba4254a2e8a0a560ac6eb7c00cc979a4ab70faa3ae5,972f73882045ed27f2c061c49cca4a02ef3d64021746714086aab3fed96a53a0,26ec4021e615be5b2de99a82ec665446527db2d9c9735806e245848c74a6af0b,c87347b1c1707f0047b2c5794b29ab307dc0bfa8ccb5bb3356f0000e4d4378bf,878a987a378053e115d3a95bbb8f77f1b3db7fbd7dc3d9579f7fa4a3ed2e9dc9,0.003801575,0.082196495,0000
544,001a,0010,e3b0c44298fc1c149afbf4c8996fb92427ae41e4649b934ca495991b7852b855,0ec55ccfa93d402504819679fd8dacb0472ced73f4cf54a0ccfd7c7b9dc3feb6,783ffb78a71d51ce4e0e61cb7aa1ef8e3d073e9c16a20e246a31964a3642c166,c5e536361221d6cc36d7fba4254a2e8a0a560ac6eb7c00cc979a4ab70faa3ae5,972f73882045ed27f2c061c49cca4a02ef3d64021746714086aab3fed96a53a0,26ec4021e615be5b2de99a82ec665446527db2d9c9735806e245848c74a6af0b,fd95a09029cfe78552a3d8344f58c60f7025c46abfde3011811831507b3b0f85,ab694ea4264344acf4afac5c9c16e96f4c146a164cef3ffd9e5fe569a38f9b2e,0.003765398,0.082170539,0000
545,001a,0010,e3b0c44298fc1c149afbf4c8996fb92427ae41e4649b934ca495991b7852b855,4f7ca4d3ea35e80a797a35afed52bde6e85421765121e9252037655bc15b73ae,dff8199db248f37c58a9a032ce6c084686a72201107e24ed85586f4a837dfdfe,c5e536361221d6cc36d7fba4254a2e8a0a560ac6eb7c00cc979a4ab70faa3ae5,972f73882045ed27f2c061c49cca4a02ef3d64021746714086aab3fed96a53a0,26ec4021e615be5b2de99a82ec665446527db2d9c9735806e245848c74a6af0b,ce27565358d397e0b579ddd76f1aa7c6f843dd7af4360d55523b5137bf50f7ab,033bbcb00ad1cef5f317b8d555fbbbae82958141ff4c52a17c3193ba956c81d9,0.003768704,0.082202847,0000
546,001a,0010,e3b0c44298fc1c149afbf4c8996fb92427ae41e4649b934ca495991b7852b855,a417145933edc3693a0cce53e30cd5c023121a69122aff2b4dc36bc516f4eba9,c5e2a2a6a2518b4229c43c6d395fb528a060474cc155347b9e3ba7e12c438e12,c5e536361221d6cc36d7fba4254a2e8a0a560ac6eb7c00cc979a4ab70faa3ae5,972f73882045ed27f2c061c49cca4a02ef3d64021746714086aab3fed96a53a0,26ec4021e615be5b2de99a82ec665446527db2d9c9735806e245848c74a6af0b,ec153569a1bd9852d677c1ab303924277fb8ad789a68085faac7f2c10b5b61aa,03cecf2ad5e57659c55db1871f1fb6b91eaf8cff1d3faf5d62fdf515ac7beb9b,0.003729505,0.082253987,0000
547,001a,0010,e3b0c44298fc1c149afbf4c8996fb92427ae41e4649b934ca495991b7852b855,8b7a28c4d7291bed13f4cf44ddd3b6bd76b4fdc31584de2e917b9c23ec054d47,8646cab5fca6f5084bad10b77d6ce57bc24d69e88bf1b194650b44386ff41029,c5e536361221d6cc36d7fba4254a2e8a0a560ac6eb7c00cc979a4ab70faa3ae5,972f73882045ed27f2c061c49cca4a02ef3d64021746714086aab3fed96a53a0,26ec4021e615be5b2de99a82ec665446527db2d9c9735806e245848c74a6af0b,5692146dc6b572d93d6d8166e1797450a40c9100d71357382cf6075ef515c272,5a91ae5a36ecbf43be9d91868580a8f38822100b9fec942857a8d77e7c54a1e0,0.003754041,0.082232506,0000
548,001a,0010,e3b0c44298fc1c149afbf4c8996fb92427ae41e4649b934ca495991b7852b855,c783becfdf8a2eca608a85ad431d35d26af838aae827d4ccd0c9bb9fa969272a,4df7180402fbad44243ba4d3d85d33b3b9ae30ae6971974fca52b5c4b82f3551,c5e536361221d6cc36d7fba4254a2e8a0a560ac6eb7c00cc979a4ab70faa3ae5,972f73882045ed27f2c061c49cca4a02ef3d64021746714086aab3fed96a53a0,26ec4021e615be5b2de99a82ec665446527db2d9c9735806e245848c74a6af0b,8681b96e38b172434be5ae00352389f21782a5f0fdfe71104e4a2089289b92b2,e0370e6829520e37f27ea2c6630334e7f40ff167b5a7e5213283d0b5c5470992,0.003769266,0.082195492,0000
549,001a,0010,e3b0c44298fc1c149afbf4c8996fb92427ae41e4649b934ca495991b7852b855,31c35d0e5093ac5944963f2aef31412dcb5fb7c44f82cdf8cd3b4964d7f712ec,3d0df9a65cd753a71c27bb9be651c246fb6bb75be1172b1c062c7de180590ea4,c5e536361221d6cc36d7fba4254a2e8a0a560ac6eb7c00cc979a4ab70faa3ae5,972f73882045ed27f2c061c49cca4a02ef3d64021746714086aab3fed96a53a0,26ec4021e615be5b2de99a82ec665446527db2d9c9735806e245848c74a6af0b,73f552c07ef3febff1160222498da9ee1e118f17f18662687950bff6be14c7d4,d730c06909ebb9428850c0dff74853f7c4e546d367681eabba4578e82d33070d,0.003754782,0.082218479,0000
550,001a,0010,e3b0c44298fc1c149afbf4c8996fb92427ae41e4649b934ca495991b7852b855,477844154fa7273f23a4b361cd70ff22a35dbcda89620f7729da9f9201ff2fb9,02b373e03c30b7feb09e0e6aef762bf6436db59dfc1ad61cc8780d3cb0be07b8,c5e536361221d6cc36d7fba4254a2e8a0a560ac6eb7c00cc979a4ab70faa3ae5,972f73882045ed27f2c061c49cca4a02ef3d64021746714086aab3fed96a53a0,26ec4021e615be5b2de99a82ec665446527db2d9c9735806e245848c74a6af0b,d7203f43074821567dc280ef0b9510e240a06301da9c5d9174707d27bd72e5ab,2dbabfc5e7f1702cf1e7ad147e80eb3a0737690d4ac5da429a9471b30d4a0733,0.003759764,0.082194089,0000
551,001a,0010,e3b0c44298fc1c149afbf4c8996fb92427ae41e4649b934ca495991b7852b855,dc72c228213b9426cd10db37724f29922047bae679ea041e5325fc78135880d7,a0fa2a5a2e1e04806662227f0ef743bf63568bf0d360755ca3243230224e3ab8,c5e536361221d6cc36d7fba4254a2e8a0a560ac6eb7c00cc979a4ab70faa3ae5,972f73882045ed27f2c061c49cca4a02ef3d64021746714086aab3fed96a53a0,26ec4021e615be5b2de99a82ec665446527db2d9c9735806e245848c74a6af0b,798fa583357fab65247c10924f01ca18dd1ea113b73c8d4398a65fa60b9f6f5a,a63bd56c6205ec095614a404cb062c30bf15b5871fd52cccec58b38d22135193,0.003729762,0.082256368,0000
552,001a,0010,e3b0c44298fc1c149afbf4c8996fb92427ae41e4649b934ca495991b7852b855,a41756d086f909ba3c7f3deeac937ecf3effc11b601366dec3117fa0afc30652,17cb174dd0b491f51fb44dcdedfb0c36269a1a7e9c0c915d1d27aa1c7d00d7e7,c5e536361221d6cc36d7fba4254a2e8a0a560ac6eb7c00cc979a4ab70faa3ae5,972f73882045ed27f2c061c49cca4a02ef3d64021746714086aab3fed96a53a0,26ec4021e615be5b2de99a82ec665446527db2d9c9735806e245848c74a6af0b,5473bd45f0d85e3eae48db0d8ae67772d505d61a0209ca05601794a55d1cb536,959a14f3c78c03530f8ce382312d6dfebe64e08bf9d1c1294e0f006c70dad6b0,0.003771903,0.082201289,0000
553,001a,0010,e3b0c44298fc1c149afbf4c8996fb92427ae41e4649b934ca495991b7852b855,fc5d820b598619c2987632be2cefedbd18e0e44198bfe5f99312ae965196b58e,c89de78ed3bafde94793262043c0f8dda1b1fd5bf1986685ebcee67f28d5ef27,c5e536361221d6cc36d7fba4254a2e8a0a560ac6eb7c00cc979a4ab70faa3ae5,972f73882045ed27f2c061c49cca4a02ef3d64021746714086aab3fed96a53a0,26ec4021e615be5b2de99a82ec665446527db2d9c9735806e245848c74a6af0b,07682052fe428ec141fc2029472b28ad9e4c0df569605f99630b9a0a053167bb,33d8e64d5ab3872d2f05ffecb883428ca2abaed17bc2cbf7155d0e65b6b81ba0,0.003810457,0.082179718,0000
554,001a,0010,e3b0c44298fc1c149afbf4c8996fb92427ae41e4649b934ca495991b7852b855,ec268d392e12ffc773ed6b881e1769e57d120b3f74726db5b238caaf205791d2,f154ea1d4ba57a1cb241d98877d43801afb7efdbc576fbf8660962e25b5ef1ae,c5e536361221d6cc36d7fba4254a2e8a0a560ac6eb7c00cc979a4ab70faa3ae5,972f73882045ed27f2c061c49cca4a02ef3d64021746714086aab3fed96a53a0,26ec4021e615be5b2de99a82ec665446527db2d9c9735806e245848c74a6af0b,484dd08ad07748c6264f57fb9c43f768bd33b7e3f2366307cab2bdb1f55f809f,d13d73b94d71ba0457510bad7e1bf0ac894607b7731f1b2409a49c9e40bde49e,0.003720631,0.082191850,0000
555,001a,0010,e3b0c44298fc1c149afbf4c8996fb92427ae41e4649b934ca495991b7852b855,eed3e286c5179353d9b671eba0379c5a226ef7ae44e05ba71f7316e2ed93014a,1be74eaece1e76d1d89c53683fd1d9e5a6631ff86fae597a1523de7a81a67470,c5e536361221d6cc36d7fba4254a2e8a0a560ac6eb7c00cc979a4ab70faa3ae5,972f73882045ed27f2c061c49cca4a02ef3d64021746714086aab3fed96a53a0,26ec4021e615be5b2de99a82ec665446527db2d9c9735806e245848c74a6af0b,29f4965a0131d5b61d0b6026835b6fa015f535fa85a9b08411f7460ebc18d004,6d80ca79c9a2007d6413283023bb30bf22c2d8dc8761ee0862e2c30a8c8fc6e6,0.003728415,0.082238246,0000
556,001a,0010,e3b0c44298fc1c149afbf4c8996fb92427ae41e4649b934ca495991b7852b855,a2e303c9b05952e4947d7d4a52ccdbde8bd82fc58e1c85967159abbeb8713f82,447c480cdc239315122278f79c4ad4fac05f7deabf361e655c1093789c9f55ae,c5e536361221d6cc36d7fba4254a2e8a0a560ac6eb7c00cc979a4ab70faa3ae5,972f73882045ed27f2c061c49cca4a02ef3d64021746714086aab3fed96a53a0,26ec4021e615be5b2de99a82ec665446527db2d9c9735806e245848c74a6af0b,224177edab7bf24d06e2b885469c7474811507a549cba36cf44c99607b286b60,c583f217c7d91360d14214e3d224a9f721f324067f03505ba3f77cf8522c12b6,0.003751017,0.082252511,0000
557,001a,0010,e3b0c44298fc1c149afbf4c8996fb92427ae41e4649b934ca495991b7852b855,f1c25540604e096123c8ef16dc9076c165d0036e9515dd69a4ff3049adf7565e,e657191e984165eb8231f539f97f0d8205a88f39edc268664dd0fae99db4fc09,c5e536361221d6cc36d7fba4254a2e8a0a560ac6eb7c00cc979a4ab70faa3ae5,972f73882045ed27f2c061c49cca4a02ef3d64021746714086aab3fed96a53a0,26ec4021e615be5b2de99a82ec665446527db2d9c9735806e245848c74a6af0b,042098554708f1f8a9f742b75d12b1e3c7c6a1486ca62b75448842d36cf975d2,e99d8afe49ea0bea38cb4c95ecb80e8be8c1b93333cd8e50f8aca167f5e369bb,0.003773075,0.082231999,0000
558,001a,0010,e3b0c44298fc1c149afbf4c8996fb92427ae41e4649b934ca495991b7852b855,98eca23a301da3e1f5804a6538f91904378600e550bc9e022ac54983205ef5a2,2b944a394f33ed3e11108bd4cf90834d36197e07348acc98446a1dc2f1a94c79,c5e536361221d6cc36d7fba4254a2e8a0a560ac6eb7c00cc979a4ab70faa3ae5,972f73882045ed27f2c061c49cca4a02ef3d64021746714086aab3fed96a53a0,26ec4021e615be5b2de99a82ec665446527db2d9c9735806e245848c74a6af0b,92e46dbf6ecfb048b12112acc39f04d3fbe8b88226ec74110ad620688b06865b,a7a50c0fed28fce1bbf5f22eea3adb5ce49ba85f79833a1ebe7220819c2589ae,0.003805475,0.082203889,0000
559,001a,0010,e3b0c44298fc1c149afbf4c8996fb92427ae41e4649b934ca495991b7852b855,614f5835eb704a7e9ac925fefbbdf4d1e9d02dfc35fe1d58c39fdf6f2a19d771,3b1a5ba734c77fe5cf09e64d69c7f4fc1b83205153f7b8f95ca6d507bf66f93d,c5e536361221d6cc36d7fba4254a2e8a0a560ac6eb7c00cc979a4ab70faa3ae5,972f73882045ed27f2c061c49cca4a02ef3d64021746714086aab3fed96a53a0,26ec4021e615be5b2de99a82ec665446527db2d9c9735806e245848c74a6af0b,95088b449a58eae78b5214db670d1dc848fabc2e37c71efbeee9caca55058c17,315e254a0a71c6aed675e6bcc8e1fffbf3df02fe5059ce7c62cfb5efbb30a6b9,0.003776439,0.082177071,0000
560,001a,0010,e3b0c44298fc1c149afbf4c8996fb92427ae41e4649b934ca495991b7852b855,106fb193b28473de5d07fa44f1699717d0f4f4b650718d73b117c19bea9cdc13,79f177fa6a28bda4d72e5d64e5d484cd7410ab867b3c7808488dbb6844d26a13,c5e536361221d6cc36d7fba4254a2e8a0a560ac6eb7c00cc979a4ab70faa3ae5,972f73882045ed27f2c061c49cca4a02ef3d64021746714086aab3fed96a53a0,26ec4021e615be5b2de99a82ec665446527db2d9c9735806e245848c74a6af0b,dabdcfb48ed2e0fa3aa57f575affe9015244b3d221abc9bcb67138160eabdc79,d3ed687137ff11d08b228e0ae4623aeb183e51d46ee51a6ccaddf42593d82b49,0.003793862,0.082188131,0000
561,001a,0010,e3b0c44298fc1c149afbf4c8996fb92427ae41e4649b934ca495991b7852b855,70b987fead9e072339a229d964b0da326cb70c5395f3fd6f095d29c68b46c126,3e7220f81d9d76246543e7add5d5a60e803ea1e54e0b331be53ee165721c6626,c5e536361221d6cc36d7fba4254a2e8a0a560ac6eb7c00cc979a4ab70faa3ae5,972f73882045ed27f2c061c49cca4a02ef3d64021746714086aab3fed96a53a0,26ec4021e615be5b2de99a82ec665446527db2d9c9735806e245848c74a6af0b,c10e9a4f6d01a634cec65fd9962ee2abf92621d38805fdd7c40ec427ddc030a0,3fd93563055280fc288e419907dffa38fe6fa11f6973cf9f112a892c9e8997a9,0.003744832,0.082184210,0000
562,001a,0010,e3b0c44298fc1c149afbf4c8996fb92427ae41e4649b934ca495991b7852b855,d3393d8106d4bfad608e05c15c31830ed25e943ccb105a765dba56875f648e7f,b63f8091d32abdb82a5e32e4135feaaa37335c28f71c1be448233d0e2d91a3fc,c5e536361221d6cc36d7fba4254a2e8a0a560ac6eb7c00cc979a4ab70faa3ae5,972f73882045ed27f2c061c49cca4a02ef3d64021746714086aab3fed96a53a0,26ec4021e615be5b2de99a82ec665446527db2d9c9735806e245848c74a6af0b,3567c38bb7b1cd0239f307c0c6ff59df8aded61db192ea66c698d43d5f7b565f,8e8635d7c2a8b5ccf3d64b8a0ccfb1b6fceb92df427ccaf00d9f4dfe50f5d0f3,0.003792348,0.082237953,0000
563,001a,0010,e3b0c44298fc1c149afbf4c8996fb92427ae41e4649b934ca495991b7852b855,35d1db6bd1b6320810f292ee6436330f6fa59e68deed6ca7c6b4dc93cd84ccd8,2037ac49a7d9d1d8714b18f99cdcd4be5473968a4a64d2e7114680e701a19c9e,c5e536361221d6cc36d7fba4254a2e8a0a560ac6eb7c00cc979a4ab70faa3ae5,972f73882045ed27f2c061c49cca4a02ef3d64021746714086aab3fed96a53a0,26ec4021e615be5b2de99a82ec665446527db2d9c9735806e245848c74a6af0b,cb19c1b87ada06286be2a4ffde2e91b6e9443f5b874eab51fb662aacd97107e9,9a2a5cf2807002fc2f765e1666ff7bf139460dff7eee055f255c4123445bd403,0.003789565,0.082177843,0000
564,001a,0010,e3b0c44298fc1c149afbf4c8996fb92427ae41e4649b934ca495991b7852b855,b5a5e4ce63b326c81356f942b91fb1593b40505e5bbf4476e2a4c3c7ba021522,3caf286a319287f1a761d91a6ab1966bc6cf89d605212523efde411b2b45e79d,c5e536361221d6cc36d7fba4254a2e8a0a560ac6eb7c00cc979a4ab70faa3ae5,972f73882045ed27f2c061c49cca4a02ef3d64021746714086aab3fed96a53a0,26ec4021e615be5b2de99a82ec665446527db2d9c9735806e245848c74a6af0b,52000fd963a6bd0c14984291f38ced433e312c891de0cac8a3a75a5dda60c3ec,034f104fab8bf4119021724289b58b8bdaa9df6e069d64e8d1cd6b39aff2176e,0.003803188,0.082226692,0000
565,001a,0010,e3b0c44298fc1c149afbf4c8996fb92427ae41e4649b934ca495991b7852b855,a962bda26a3e6e2191848ff316bdae6036b4eaceb11b0e0e330634f70a98ec9f,db8f888db9809eccd7901c5bc6ba36919bc1a820e7c464841b92d956941bf556,c5e536361221d6cc36d7fba4254a2e8a0a560ac6eb7c00cc979a4ab70faa3ae5,972f73882045ed27f2c061c49cca4a02ef3d64021746714086aab3fed96a53a0,26ec4021e615be5b2de99a82ec665446527db2d9c9735806e245848c74a6af0b,30db9b2476e2575aa55cb0a824655b8268de00e779507166da6162646c2d777b,7cf7b78e87ff9d9656d1da62466c913da5501fa383dcbde8a0c32e8eb659f8be,0.003823224,0.082162933,0000
566,001a,0010,e3b0c44298fc1c149afbf4c8996fb92427ae41e4649b934ca495991b7852b855,de34b296884fd216077bc5621ff4d8a4901d399e3648e478f77daf583c501a8c,a73f13f8c66feb0a4d38b72e2d6003487c198288fc8f7c31f77c600f04d4a0ac,c5e536361221d6cc36d7fba4254a2e8a0a560ac6eb7c00cc979a4ab70faa3ae5,972f73882045ed27f2c061c49cca4a02ef3d64021746714086aab3fed96a53a0,26ec4021e615be5b2de99a82ec665446527db2d9c9735806e245848c74a6af0b,2ba69cfd701966f55718c6ae5ffc1eddd7c7241581a673f789ba76893cbf56e3,946c2bacfd9a0162969d62ea6d89009ffc8fade86f2f129e34e32eda5e96fcb7,0.003791892,0.082130126,0000
567,001a,0010,e3b0c44298fc1c149afbf4c8996fb92427ae41e4649b934ca495991b7852b855,e44e90db1f26e9dcbdd51be6868ecb2094b140b01a68ad0238668ac7857bb6aa,2dd69a4ebfd3f0c4504bc048f109ad1ad5a5ed14c5483d8139b9f6415c156f05,c5e536361221d6cc36d7fba4254a2e8a0a560ac6eb7c00cc979a4ab70faa3ae5,972f73882045ed27f2c061c49cca4a02ef3d64021746714086aab3fed96a53a0,26ec4021e615be5b2de99a82ec665446527db2d9c9735806e245848c74a6af0b,84675ba3700cf750c916ca7f741ba418b473a584d3e773bdc9fa6c2610accd03,b245a5e5a4cbd412f54acad98ed58070ad657992af3abc516b7620de9e173141,0.003769949,0.082184963,0000
568,001a,0010,e3b0c44298fc1c149afbf4c8996fb92427ae41e4649b934ca495991b7852b855,ff06d9a700bad5c6021d3094b4472c4439a2bedee1fe9317a9e9f44f4b0d3682,cfdd778b58b3fc522793439ca897302913380c87607aab1da56b2b95f256139e,c5e536361221d6cc36d7fba4254a2e8a0a560ac6eb7c00cc979a4ab70faa3ae5,972f73882045ed27f2c061c49cca4a02ef3d64021746714086aab3fed96a53a0,26ec4021e615be5b2de99a82ec665446527db2d9c9735806e245848c74a6af0b,7356889c23d3b11944fff1ab12d9ebd124a6c616da19cdfa240fc6febc301fd3,92efc2b2e6f52184ac112ce9ddc20878e239bfd9bc4b7576d7253459d9aac122,0.006417916,0.082245207,0000
569,001a,0010,e3b0c44298fc1c149afbf4c8996fb92427ae41e4649b934ca495991b7852b855,9a1971a8e041d02fa209a731e69039a43bf1e1bae3b42699713f6c4e6e261893,a3db72b451221671cebe8a59499925f73859ea7257055c67d6ab1b4d9c24c716,c5e536361221d6cc36d7fba4254a2e8a0a560ac6eb7c00cc979a4ab70faa3ae5,972f73882045ed27f2c061c49cca4a02ef3d64021746714086aab3fed96a53a0,26ec4021e615be5b2de99a82ec665446527db2d9c9735806e245848c74a6af0b,79c15c1c86030034ad7850b497442e1c9d569639417c0e16c208d30f36b401d1,51cb1894dd3ebfa3b38edddb6e395e749b42947f38c72ec1d74b6d2e3b364bdf,0.003763820,0.082539611,0000
570,001a,0010,e3b0c44298fc1c149afbf4c8996fb92427ae41e4649b934ca495991b7852b855,e39bb5c061678d91986db7d5874f405b6009fe290e5864a27f7c1b3abaf498bd,4331c08924bd134ed2877a23065e6e0606bb08a028e1f12fe59b124077372b2d,c5e536361221d6cc36d7fba4254a2e8a0a560ac6eb7c00cc979a4ab70faa3ae5,972f73882045ed27f2c061c49cca4a02ef3d64021746714086aab3fed96a53a0,26ec4021e615be5b2de99a82ec665446527db2d9c9735806e245848c74a6af0b,51c2b4cd4982b68a794e5ca866389b26292bb974cf706a1a004b867bb1f2aa6b,27f8070f8c81d5d6629d8572be5d60a416f77299adb0f151b34234e039486275,0.003775810,0.082172348,0000
571,001a,0010,e3b0c44298fc1c149afbf4c8996fb92427ae41e4649b934ca495991b7852b855,a26f3ef925910de59bffd646e01833cb06495ff8c2fe87beb42a1aee79d4e734,22e9dc3f09ca86ed9ee9fdf6113b00f6ffdf19f19df958a864b67dbf9e073a50,c5e536361221d6cc36d7fba4254a2e8a0a560ac6eb7c00cc979a4ab70faa3ae5,972f73882045ed27f2c061c49cca4a02ef3d64021746714086aab3fed96a53a0,26ec4021e615be5b2de99a82ec665446527db2d9c9735806e245848c74a6af0b,37ffaf905e9a10a17458ae095849caee19b20435da289729bb8360798b01ddc4,2e2af19f124012367b838cf51a5805aa17c811023e52159ae5881c1e74d2983e,0.003772961,0.082203936,0000
572,001a,0010,e3b0c44298fc1c149afbf4c8996fb92427ae41e4649b934ca495991b7852b855,4db5132d13d47cb810555cfd0a3f83ca7d0ad3404148da44a7ecb4d36b344d46,830ab766722c092fab256c44c060a7b010757b350865e9cf8ee7009c41761b4c,c5e536361221d6cc36d7fba4254a2e8a0a560ac6eb7c00cc979a4ab70faa3ae5,972f73882045ed27f2c061c49cca4a02ef3d64021746714086aab3fed96a53a0,26ec4021e615be5b2de99a82ec665446527db2d9c9735806e245848c74a6af0b,68c63cdbe72343db4ef55eacfd57f646d1d72142952fc73dc3130dde6be9189b,6167045ac62cee4cf7ea4720e7bb3f8ec4a1836f5119279b57570918a8965993,0.003580200,0.082206386,0000
573,001a,0010,e3b0c44298fc1c149afbf4c8996fb92427ae41e4649b934ca495991b7852b855,b7a88cf6d9b6745c22c45687dc03d240fe5d25089c584db7d78922acecbf0f27,ac17ea0c073bfc36c98e5e7c30339e261bc2c135060d8692aaa54403d2d010c6,c5e536361221d6cc36d7fba4254a2e8a0a560ac6eb7c00cc979a4ab70faa3ae5,972f73882045ed27f2c061c49cca4a02ef3d64021746714086aab3fed96a53a0,26ec4021e615be5b2de99a82ec665446527db2d9c9735806e245848c74a6af0b,fd8c4af7cd914269589ba9664fb58ce35f8d4cc5eb94aa28984aad4c3dd8e8a9,2cbe3fc63b820b7dc2ffcc80e30f5a47eecd01d9ace2874ce0252a73fa78d630,0.003742984,0.082372293,0000
574,001a,0010,e3b0c44298fc1c149afbf4c8996fb92427ae41e4649b934ca495991b7852b855,a69f6b80ad7ddf426c487f92a07e6180a57b6aa10ac80d2bc2c5770f959702cb,b9f2a205d7b97b5370d8fe3bdabf7bf8acb3ea352cbb14a5b07b9da075628ac9,c5e536361221d6cc36d7fba4254a2e8a0a560ac6eb7c00cc979a4ab70faa3ae5,972f73882045ed27f2c061c49cca4a02ef3d64021746714086aab3fed96a53a0,26ec4021e615be5b2de99a82ec665446527db2d9c9735806e245848c74a6af0b,11c6b9a97416bc11d099b5cfef15ebbac47d11877ed1eb4659f6e93bf78074c2,5adcdadb21ba6a925e46f8e49c85d05ec2dc12790ec90f8bbbecf116ca8feab4,0.003748702,0.082258245,0000
575,001a,0010,e3b0c44298fc1c149afbf4c8996fb92427ae41e4649b934ca495991b7852b855,f505211415609e7608f7c798a4cca84639e353d0539680d1588baee6bbffd39f,f5b7ac8c7c9e15535a25a69ea18867fe21f88ad31472085c2bc8b43344d8709a,c5e536361221d6cc36d7fba4254a2e8a0a560ac6eb7c00cc979a4ab70faa3ae5,972f73882045ed27f2c061c49cca4a02ef3d64021746714086aab3fed96a53a0,26ec4021e615be5b2de99a82ec665446527db2d9c9735806e245848c74a6af0b,7182e55c3a914dbe6531b3589f454f17de817e3d2b7d6bc20eaa1f37f1b8998f,cba5e08f36f3bb482b13af0ff49c56a7e62aaca47e298339bb3d6be6c8b47a83,0.003785418,0.082194875,0000
576,001a,0010,e3b0c44298fc1c149afbf4c8996fb92427ae41e4649b934ca495991b7852b855,4c29ca9f9350d50d3b01aa75272cd25ef227d243b94d2d92765092eb4bf10cec,49590afd83a3ac9b86bd6eedebc5145a1bc92e73608297c37a43f54dd703b7f1,c5e536361221d6cc36d7fba4254a2e8a0a560ac6eb7c00cc979a4ab70faa3ae5,972f73882045ed27f2c061c49cca4a02ef3d64021746714086aab3fed96a53a0,26ec4021e615be5b2de99a82ec665446527db2d9c9735806e245848c74a6af0b,119f9c7ceb52ff369d487418a4971c52e3ea215d247dbd247e34ba9d74bd87f5,82dd3e31d4691c8260821e635795d00d4f939ef317aaef5cf2eba9cabd352381,0.003774277,0.082201423,0000
577,001a,0010,e3b0c44298fc1c149afbf4c8996fb92427ae41e4649b934ca495991b7852b855,fe608f6a493187308dc1ee63f73a58a9e009fb731aca34f5089e89a724456c9f,572cf2292decc8ddb0e76dd37cfe709fae63cf819eb28e830cfb3cbf7c1e6b3b,c5e536361221d6cc36d7fba4254a2e8a0a560ac6eb7c00cc979a4ab70faa3ae5,972f73882045ed27f2c061c49cca4a02ef3d64021746714086aab3fed96a53a0,26ec4021e615be5b2de99a82ec665446527db2d9c9735806e245848c74a6af0b,8773d2fd0f81822a03ffda11eacc47ad814b0dfb7b0fbbdacb750c53a64a982d,1e51b203a72e434aff4c8c2888256b68cd035876bd05e0d2b27cbfc293a09fbd,0.003793249,0.082194222,0000
578,001a,0010,e3b0c44298fc1c149afbf4c8996fb92427ae41e4649b934ca495991b7852b855,e023cce97ac2589e76e54b7bef3f511eb029cf1ad7887ffd419a5dc7cf3def5a,9027935f2ac8da008243089cd3a83da73ea4f1a54c26c2f2ff378a0b22ecc0e7,c5e536361221d6cc36d7fba4254a2e8a0a560ac6eb7c00cc979a4ab70faa3ae5,972f73882045ed27f2c061c49cca4a02ef3d64021746714086aab3fed96a53a0,26ec4021e615be5b2de99a82ec665446527db2d9c9735806e245848c74a6af0b,c67881478bca235f19947ee2962a53fcabad46d75d235c17d4843b881ff280b9,f2b1d98545bd78808a2b6597c2b32f7e69391a1a12ef1db470891e5db2dceaa5,0.003278923,0.081906127,0000
579,001a,0010,e3b0c44298fc1c149afbf4c8996fb92427ae41e4649b934ca495991b7852b855,d7befdb4a77fb5a4cb660010d73d24af0e24dc47076a3a5dc641fc635425e027,99286265a5c95a5ba5e80724f20346dccbc7d1b1dc24c050d7d30a385468b4a4,c5e536361221d6cc36d7fba4254a2e8a0a560ac6eb7c00cc979a4ab70faa3ae5,972f73882045ed27f2c061c49cca4a02ef3d64021746714086aab3fed96a53a0,26ec4021e615be5b2de99a82ec665446527db2d9c9735806e245848c74a6af0b,037156300cc73700a0fcaad192e5bfc187cf47b82fa69cd1ba7b5abc660c8602,237f08a288e97eaf17c110cfffd658970a968f3f2c7484d2cc7a30313da165b4,0.003778767,0.081972020,0000
580,001a,0010,e3b0c44298fc1c149afbf4c8996fb92427ae41e4649b934ca495991b7852b855,134e3f3a59c7c97b7a1727e159604861b4aafe8abe7785a1881644b1793bfd66,4557e01c3cb83d123309165b65db51bec06a49c6b7cb103fa62d60ea10123f47,c5e536361221d6cc36d7fba4254a2e8a0a560ac6eb7c00cc979a4ab70faa3ae5,972f73882045ed27f2c061c49cca4a02ef3d64021746714086aab3fed96a53a0,26ec4021e615be5b2de99a82ec665446527db2d9c9735806e245848c74a6af0b,7dcc91c27be602479a3a58c979a35de60ab05c0e972463a7c48a9f9a39310092,1263b524bdbcebb494c7accc985fd59324f48796548b1d86cb0140247f0c585b,0.003770436,0.082197482,0000
581,001a,0010,e3b0c44298fc1c149afbf4c8996fb92427ae41e4649b934ca495991b7852b855,371415519874728f6970698b86ebb4c29db777e7b6f541942f0f3c9b06da1359,eba717eb87e5e608a296720c58a5285c95e3d77993d99fa2d237f32575b88152,c5e536361221d6cc36d7fba4254a2e8a0a560ac6eb7c00cc979a4ab70faa3ae5,972f73882045ed27f2c061c49cca4a02ef3d64021746714086aab3fed96a53a0,26ec4021e615be5b2de99a82ec665446527db2d9c9735806e245848c74a6af0b,21254f0acbaa9c6a060facde6d431f170083988b7621e59ca3f15dbb0640bd35,0a34754c82f36397704341167f0c8f1fbeeba1fd34dbd5346f1b5e7cdc4114e3,0.003797491,0.082194073,0000
582,001a,0010,e3b0c44298fc1c149afbf4c8996fb92427ae41e4649b934ca495991b7852b855,3e4a2e10fd173b42b393aca4ef01209186bd3c0928fa73a720db8eae78ba25ef,8e2c3ebf1b2b8fcb35f978d5ba1be2ea908e366b157c24342d0580cb5beca77f,c5e536361221d6cc36d7fba4254a2e8a0a560ac6eb7c00cc979a4ab70faa3ae5,972f73882045ed27f2c061c49cca4a02ef3d64021746714086aab3fed96a53a0,26ec4021e615be5b2de99a82ec665446527db2d9c9735806e245848c74a6af0b,0ba7387836001d05e65123df7c5a8eede193f3b0abf7aac3a91eadb032edb618,84bef88ebf9f7f81977f5912c07feca4caaa0fa251f10a572b3026d390f45cd8,0.003761309,0.082198941,0000
583,001a,0010,e3b0c44298fc1c149afbf4c8996fb92427ae41e4649b934ca495991b7852b855,37349d5a9fa80605bec5f69e170ce05b71becaf9b3f5ecda07bc4c96d47d5514,0cbd24fa46f6aeed0672567b02bd3be59d15a21a0cea87f5bd08bfe2b494c37e,c5e536361221d6cc36d7fba4254a2e8a0a560ac6eb7c00cc979a4ab70faa3ae5,972f73882045ed27f2c061c49cca4a02ef3d64021746714086aab3fed96a53a0,26ec4021e615be5b2de99a82ec665446527db2d9c9735806e245848c74a6af0b,4fff9b3b592cd945ffc0abbb9e36ef6ae11fb1cdf3d8195d421bf1aff0a4db11,cfec18af39bc0c2db30d6a45029e83939ef3f95b0abf64f1c7e86c87bf8d8032,0.003750464,0.082180238,0000
584,001a,0010,e3b0c44298fc1c149afbf4c8996fb92427ae41e4649b934ca495991b7852b855,599f6a9333cf365e7e87e0772f3d088ad1e6d76dc761f2fbd0a6818b56f6e2ed,a2cb33f952ad51cd6c976e288d44354c7a48b43176a41fee451b4a98dd49c1a8,c5e536361221d6cc36d7fba4254a2e8a0a560ac6eb7c00cc979a4ab70faa3ae5,972f73882045ed27f2c061c49cca4a02ef3d64021746714086aab3fed96a53a0,26ec4021e615be5b2de99a82ec665446527db2d9c9735806e245848c74a6af0b,fc8d0a27223ff551fbfd06cf385ee4088a35a6bcd7fdf0eeac113ed1f4a65305,b19ee948017046a51450edef8a27e7ba12b75e2e3674c79a55dcbe93b6d70d33,0.003800798,0.082296928,0000
585,001a,0010,e3b0c44298fc1c149afbf4c8996fb92427ae41e4649b934ca495991b7852b855,953e32bec4cadfffbc3de670b3e369aaf1aa379e68ca3ca9e7aa97299bb222bf,453eedb8c03b41903f03d19dbb8ec603ad18a77b4c12a088331e31bcedf0b347,c5e536361221d6cc36d7fba4254a2e8a0a560ac6eb7c00cc979a4ab70faa3ae5,972f73882045ed27f2c061c49cca4a02ef3d64021746714086aab3fed96a53a0,26ec4021e615be5b2de99a82ec665446527db2d9c9735806e245848c74a6af0b,d6d24dfe5640b51005ab8c37662db1f0eae97a3043e92df74550255d7e4321d4,9e8677766c830a14f93d120947c9ce4afdd4fae629191ed604ccf395d73abdcc,0.003813781,0.082149449,0000
586,001a,0010,e3b0c44298fc1c149afbf4c8996fb92427ae41e4649b934ca495991b7852b855,d215066e2fc0756ff9f06439aeee4d0a0ceca8b595d1b3bd5e6eb0949fec7df7,58913f2f5f5e56df4769f1f82064491f856a176c8c88d0ad3854ea8504f4b08b,c5e536361221d6cc36d7fba4254a2e8a0a560ac6eb7c00cc979a4ab70faa3ae5,972f73882045ed27f2c061c49cca4a02ef3d64021746714086aab3fed96a53a0,26ec4021e615be5b2de99a82ec665446527db2d9c9735806e245848c74a6af0b,6cf660150091e1c4e11bf1659d252f7bfea051f745c089d0f931594ff5fb4377,ed27aa5088847423f72f8d87205444409c50d12d01dc8689ccacd3eb5aede913,0.003516357,0.082087784,0000
587,001a,0010,e3b0c44298fc1c149afbf4c8996fb92427ae41e4649b934ca495991b7852b855,36138d72ebed3dd22cae3b2be2ca0d2c603ebeb41fd702710c1250fd047e6269,d5eb1721a7d2266273898ea25e5319b726290588f023abf0c428c9cce7f3309c,c5e536361221d6cc36d7fba4254a2e8a0a560ac6eb7c00cc979a4ab70faa3ae5,972f73882045ed27f2c061c49cca4a02ef3d64021746714086aab3fed96a53a0,26ec4021e615be5b2de99a82ec665446527db2d9c9735806e245848c74a6af0b,10fb8c6059dd5bdad609bcff9595432f08a06d1786fe4d6e45417868e3757c26,85de99ff7fc5fc5459f41c44358f6bd5c465bf6e5f1df41e586deb84f992c24a,0.003720884,0.082500831,0000
588,001a,0010,e3b0c44298fc1c149afbf4c8996fb92427ae41e4649b934ca495991b7852b855,33fc1653a2c1ace83aae8dea6e11d3f74be62aeee134d18e3a89ddc03506ad1f,374f0ef0ace208ec39289bd2ebe533657a855d16da426a43216e7aad2deda934,c5e536361221d6cc36d7fba4254a2e8a0a560ac6eb7c00cc979a4ab70faa3ae5,972f73882045ed27f2c061c49cca4a02ef3d64021746714086aab3fed96a53a0,26ec4021e615be5b2de99a82ec665446527db2d9c9735806e245848c74a6af0b,3c6a92869130d6b00ca99f8b15b192b335b44d3d8cae694e751d80073122f22f,30cdb055960c7637ac204928836eb2d267e17b5a6f77e82908839ff2ab484554,0.003791615,0.082247927,0000
589,001a,0010,e3b0c44298fc1c149afbf4c8996fb92427ae41e4649b934ca495991b7852b855,21560ef3e2d3a67bb6bd77c158a3c6581cf0317eeea8d3021614d15a71a4482d,86f0e9d8897f59169ca92a380fc896ca6f64d3c79ddb51d3703c8bed44afed27,c5e536361221d6cc36d7fba4254a2e8a0a560ac6eb7c00cc979a4ab70faa3ae5,972f73882045ed27f2c061c49cca4a02ef3d64021746714086aab3fed96a53a0,26ec4021e615be5b2de99a82ec665446527db2d9c9735806e245848c74a6af0b,950ce270ef1ca6fae077a0b039f81fe44f5ec9d029a6647f098594b2b80e947a,769d93ea68c85105b8119f516bff414adb3755e228331ca72387f17c68431ee5,0.003776614,0.082213613,0000
590,001a,0010,e3b0c44298fc1c149afbf4c8996fb92427ae41e4649b934ca495991b7852b855,6d60102e96e3a1d92613fb3c5923fc616456e0a13e341e5996ea3f33cc68be25,4f3dbfbf7e665ac7135a1b899f60f72dcdf699a43471c04e112e9468fb60680a,c5e536361221d6cc36d7fba4254a2e8a0a560ac6eb7c00cc979a4ab70faa3ae5,972f73882045ed27f2c061c49cca4a02ef3d64021746714086aab3fed96a53a0,26ec4021e615be5b2de99a82ec665446527db2d9c9735806e245848c74a6af0b,42814cfe74efc1ac9f51118c34b1741685e5d665945c5961c25e6efe24ca993d,5680b4dbb5809db0363b9ffeddae7af508727553077e1c2263b477479100faa3,0.003754825,0.082201700,0000
591,001a,0010,e3b0c44298fc1c149afbf4c8996fb92427ae41e4649b934ca495991b7852b855,def0a7e94a6aad407cadc4d112ffec0b18b604bce56b7488ca77b92638b7d8c3,4a56d2663dbe8a149bc87979199177c0a6a4233edf06dc44c546bb6c0e68fe7c,c5e536361221d6cc36d7fba4254a2e8a0a560ac6eb7c00cc979a4ab70faa3ae5,972f73882045ed27f2c061c49cca4a02ef3d64021746714086aab3fed96a53a0,26ec4021e615be5b2de99a82ec665446527db2d9c9735806e245848c74a6af0b,0a616ecd1c0f05d862a785608b874923307c4b62c8bca51736e4b4edcd832063,4fa590a998ca10061fa1e3ff031760c1ec9cf384065869d25c35380934bc002d,0.003806154,0.082205388,0000
592,001a,0010,e3b0c44298fc1c149afbf4c8996fb92427ae41e4649b934ca495991b7852b855,3daffed3ed1f7b2eaffd699b7742552bf60fd14463b8098a96188dc2e8eb8a39,660d5a11aa2b7b27adfb2ea0fb7c3fc31859c47690a2ab6d04e8cdda7f348dcb,c5e536361221d6cc36d7fba4254a2e8a0a560ac6eb7c00cc979a4ab70faa3ae5,972f73882045ed27f2c061c49cca4a02ef3d64021746714086aab3fed96a53a0,26ec4021e615be5b2de99a82ec665446527db2d9c9735806e245848c74a6af0b,b8a1a63cc983d0e95018aab7d1a39f8c2c70855d07645ba3d345af442ee320e6,d11ceba9b452ff15308cafa355b3ec652ffec4c3a5835cc2d7462d8615ac3d93,0.003732392,0.082219445,0000
593,001a,0010,e3b0c44298fc1c149afbf4c8996fb92427ae41e4649b934ca495991b7852b855,85d3f1fabb0075c50d662a619bdd67de6c8f2dc781e8c0e3ce13eabbb2c2741d,fe4310af951c0c5907453d6e27a064465a9ea3a6c33714e0d7c55ae41c92c03c,c5e536361221d6cc36d7fba4254a2e8a0a560ac6eb7c00cc979a4ab70faa3ae5,972f73882045ed27f2c061c49cca4a02ef3d64021746714086aab3fed96a53a0,26ec4021e615be5b2de99a82ec665446527db2d9c9735806e245848c74a6af0b,522d149090013b1aa8b3a7fac757243d17600f26db90e15516dbef9d703fc63e,5b92fc9ab080b56156621efc8d2fb6ddcc267881e8fee90715f62a2625246ee8,0.003772451,0.082212730,0000
594,001a,0010,e3b0c44298fc1c149afbf4c8996fb92427ae41e4649b934ca495991b7852b855,b9c22cafd1fe48f90783a58b185869ac26ed4d3115626b49422289324b3c8d2a,301a83c422d197a398c1478b28217ecd7d3ff8c39877120d6da2de22bcb8b00b,c5e536361221d6cc36d7fba4254a2e8a0a560ac6eb7c00cc979a4ab70faa3ae5,972f73882045ed27f2c061c49cca4a02ef3d64021746714086aab3fed96a53a0,26ec4021e615be5b2de99a82ec665446527db2d9c9735806e245848c74a6af0b,cabdcc2718c5ccfc5d65c4134f00bc9d2b446b894c3458ba759488e2399b7237,405a36b0738e6578a378d7ac3feb7934ae2a0b875169724243fe8b4c7970e1c5,0.003767620,0.082198875,0000
595,001a,0010,e3b0c44298fc1c149afbf4c8996fb92427ae41e4649b934ca495991b7852b855,9eec2b8265fcbfe3359d1e7a678ea6f039a607393f6e675ba854fa5f2dcbd0e2,ee0ce0aaf2cc2a260c2028b04adaa26944e0d587eb72daf15433e39e8bc8a838,c5e536361221d6cc36d7fba4254a2e8a0a560ac6eb7c00cc979a4ab70faa3ae5,972f73882045ed27f2c061c49cca4a02ef3d64021746714086aab3fed96a53a0,26ec4021e615be5b2de99a82ec665446527db2d9c9735806e245848c74a6af0b,f22a238139fa358f5f6e344d7998a6ebf2a7793fa7f5169389ff6f6c8ab4d4b1,af2b848f076761033a550d408b182f699c775abc9a1edd5859c656ac8ee043a7,0.003755197,0.082215787,0000
596,001a,0010,e3b0c44298fc1c149afbf4c8996fb92427ae41e4649b934ca495991b7852b855,d3f399c3cfe3f24187e2635e19afc7a81d411bb59ddabc50f7c6ff682f3c8f52,39c81f1a31015d1369e91c64fa8b311a391580fd6097f84b8ece4386ebc5db3b,c5e536361221d6cc36d7fba4254a2e8a0a560ac6eb7c00cc979a4ab70faa3ae5,972f73882045ed27f2c061c49cca4a02ef3d64021746714086aab3fed96a53a0,26ec4021e615be5b2de99a82ec665446527db2d9c9735806e245848c74a6af0b,ebabeb5061066a84619ba1ab51af8dea2a6d42bf0ce9151bd87c4c614a3dcaea,6e2963db66451a88b7ab51800a1fe0e3c8a676625f891c8f4c02db48396e5339,0.003767285,0.082224036,0000
597,001a,0010,e3b0c44298fc1c149afbf4c8996fb92427ae41e4649b934ca495991b7852b855,052c96de07fd036fe085f183eb2ff3e48c302354b2de107498bec3f23b7558e5,945f56566999e78040bdbd302da5dd902c232d4c1e4c184b1f6f8bc030a85505,c5e536361221d6cc36d7fba4254a2e8a0a560ac6eb7c00cc979a4ab70faa3ae5,972f73882045ed27f2c061c49cca4a02ef3d64021746714086aab3fed96a53a0,26ec4021e615be5b2de99a82ec665446527db2d9c9735806e245848c74a6af0b,49cb49db9adeb1dfa6c4423d36d5c46559f8f98bfa07cb37135dfe4fafcbc507,c3039c56ce9ad01361e2cb688df08361269af9bd55a3a387b05d098d43052b00,0.003800413,0.082228742,0000
598,001a,0010,e3b0c44298fc1c149afbf4c8996fb92427ae41e4649b934ca495991b7852b855,f91c0ba46fd5f0ba21e236d5dac84de613f0bf9ddcb1330d21db76532239372f,83b08322073ba50f47a99131c99680fede595d041d6660220b30ab50708f70f9,c5e536361221d6cc36d7fba4254a2e8a0a560ac6eb7c00cc979a4ab70faa3ae5,972f73882045ed27f2c061c49cca4a02ef3d64021746714086aab3fed96a53a0,26ec4021e615be5b2de99a82ec665446527db2d9c9735806e245848c74a6af0b,7723c5c51e4d2c12408787f0e00852c81db8e81eaefaf2e867a76628ac17d8c6,a90b52339b56cbe96e9421345f17832bce9e157a7fb14a5c87ee1de446aed881,0.003773957,0.082139646,0000
599,001a,0010,e3b0c44298fc1c149afbf4c8996fb92427ae41e4649b934ca495991b7852b855,7d4a3d7ffc0db6e3acd6c0715e09dba57d872f58ea5acd4e9c751d8af7afffa0,08d9f2519842f4bdcd9e3be7cc099eda98639f4810bca411a2dfaa20b8c9aaf6,c5e536361221d6cc36d7fba4254a2e8a0a560ac6eb7c00cc979a4ab70faa3ae5,972f73882045ed27f2c061c49cca4a02ef3d64021746714086aab3fed96a53a0,26ec4021e615be5b2de99a82ec665446527db2d9c9735806e245848c74a6af0b,8d418170b76bcb8b1e0c6e42b742a1da308167e9b78b80dba83a885e7c07978e,7786db1d7740205d0a032d99d5b15cc5736716b8b909c2f8ac5527a0412e84b4,0.003809187,0.082179377,0000
600,001a,0010,e3b0c44298fc1c149afbf4c8996fb92427ae41e4649b934ca495991b7852b855,4efbf124f355a8db6bd0b331c35592f6f1c226802258621ed71dd22357da9572,6a216a797c67563cdc389ac1cbbf8265ab29111348f094058bedae3671dc025c,c5e536361221d6cc36d7fba4254a2e8a0a560ac6eb7c00cc979a4ab70faa3ae5,972f73882045ed27f2c061c49cca4a02ef3d64021746714086aab3fed96a53a0,26ec4021e615be5b2de99a82ec665446527db2d9c9735806e245848c74a6af0b,993915ca8ae5ae0aaf975d2bd177a7fa554eed02200508c31978ad63a651b49c,f04b23deddae87734bdf92cc4fcd43d4cf85aadb91b4e5c6e4615ff89302429a,0.003762166,0.082187300,0000
601,001a,0010,e3b0c44298fc1c149afbf4c8996fb92427ae41e4649b934ca495991b7852b855,d81784a61ebb05da42eac98fa6388b204762c743903d06a1a3139999521cb139,ba1f75273767e9d2053c6d4cebc0484a6696d5d6d669abbf3971591ae361a56c,c5e536361221d6cc36d7fba4254a2e8a0a560ac6eb7c00cc979a4ab70faa3ae5,972f73882045ed27f2c061c49cca4a02ef3d64021746714086aab3fed96a53a0,26ec4021e615be5b2de99a82ec665446527db2d9c9735806e245848c74a6af0b,1d1fdcb4f282b42bce07f894fb44b6aacf86dc8555b58617c3932ccd248d0df1,44236d44c0e2dc98efb2e582b6e3190c254a3a980c539df96b4f661d97610eac,0.003789928,0.082192251,0000
602,001a,0010,e3b0c44298fc1c149afbf4c8996fb92427ae41e4649b934ca495991b7852b855,2e1fa15b33bd067a15aba0d933c7aa9b45d34a8bc1e4430a0959a90a0ab4ae20,3cfd9e60b975d1a25b85625c4fc05eb666acca8d51e631d2429c5aa7f48415f0,c5e536361221d6cc36d7fba4254a2e8a0a560ac6eb7c00cc979a4ab70faa3ae5,972f73882045ed27f2c061c49cca4a02ef3d64021746714086aab3fed96a53a0,26ec4021e615be5b2de99a82ec665446527db2d9c9735806e245848c74a6af0b,d7b11d2baeb57b97212be0823cc84f223a302ad35a487ff49fbfea9f90ac1d83,970c41449ecdf0a47eb7a99f82ba707b1fdcded71f058eb5cd5e69306c53efe3,0.003795569,0.082240317,0000
603,001a,0010,e3b0c44298fc1c149afbf4c8996fb92427ae41e4649b934ca495991b7852b855,8cac47fd17f84b9eb7acd8cabe2819e2fcce48d02bc8b5244f56fb868351de08,cee7375a1c956adcddfe839dd42329044fda9dffaf98d5404baf91f6fd1b6168,c5e536361221d6cc36d7fba4254a2e8a0a560ac6eb7c00cc979a4ab70faa3ae5,972f73882045ed27f2c061c49cca4a02ef3d64021746714086aab3fed96a53a0,26ec4021e615be5b2de99a82ec665446527db2d9c9735806e245848c74a6af0b,d6d53a35adb058febccf1631b5efb76090040fd3cbfca5cc2f58a99829a6f0c4,945c0040172e70e4eeebca7a7e375470443af9ca006b2f71f90f80fc994b0394,0.003825625,0.082166938,0000
604,001a,0010,e3b0c44298fc1c149afbf4c8996fb92427ae41e4649b934ca495991b7852b855,0f9e0a6327ce970e7f7e8e4d60a7c9fb657c27c6c7a987b231bfabd30279216c,55784783c0b8eece23cdcf786ee55d93bd986257eceae1cf25d9837a9ac5c0a7,c5e536361221d6cc36d7fba4254a2e8a0a560ac6eb7c00cc979a4ab70faa3ae5,972f73882045ed27f2c061c49cca4a02ef3d64021746714086aab3fed96a53a0,26ec4021e615be5b2de99a82ec665446527db2d9c9735806e245848c74a6af0b,1be6d95b1fd09b39cb6f2b6028d196e8ab2a22b32a0b9cda865747a064e4c490,eb238be6b900030771d018bd602a78b09be65f6dd8a2ff8b9e3f635901c6d78c,0.003599070,0.082119540,0000
605,001a,0010,e3b0c44298fc1c149afbf4c8996fb92427ae41e4649b934ca495991b7852b855,07289e4724225c0bcf5c5d3e2c74e93e6410efb263c97b85321e6fd07a1236d8,9661b1cc03b7163fe60ca96a307f64ccb801264d9b28e3259e40e407ef2790ca,c5e536361221d6cc36d7fba4254a2e8a0a560ac6eb7c00cc979a4ab70faa3ae5,972f73882045ed27f2c061c49cca4a02ef3d64021746714086aab3fed96a53a0,26ec4021e615be5b2de99a82ec665446527db2d9c9735806e245848c74a6af0b,1cc18ce03c3d1fd8ee2b5c29aed8e3e9592681dc927d3085379eaba952240af5,de7214fb9387619486e552b3ee728f466acd5264357d7b1c4112db7e536563cf,0.003766260,0.082384824,0000
606,001a,0010,e3b0c44298fc1c149afbf4c8996fb92427ae41e4649b934ca495991b7852b855,2c085132a928d84cc3582c40d2ed21a5b6903686b5f1693d9689fa04d153ce87,eb5fe9e288d3772e47b1239f54e6f360ef5d949d51ff1a3bb0fde9d689e345c2,c5e536361221d6cc36d7fba4254a2e8a0a560ac6eb7c00cc979a4ab70faa3ae5,972f73882045ed27f2c061c49cca4a02ef3d64021746714086aab3fed96a53a0,26ec4021e615be5b2de99a82ec665446527db2d9c9735806e245848c74a6af0b,b63776b845a004d893e7466a9bb651cae3c25abbce08d63f2204a47e35e62c7a,51b48c5c3fdefe5a6f62078c84512b70d58fe7e210a0ec4ae2306d3e0f078e53,0.003798902,0.082175863,0000
607,001a,0010,e3b0c44298fc1c149afbf4c8996fb92427ae41e4649b934ca495991b7852b855,bec2220e4e3d64e738f72f6e289cd20ee177f1df66230c33230c1293fa58ff67,fd42acd527bf5ef2c98b857fc9a9850a16f86120921fff0bf4c88a4b5823a065,c5e536361221d6cc36d7fba4254a2e8a0a560ac6eb7c00cc979a4ab70faa3ae5,972f73882045ed27f2c061c49cca4a02ef3d64021746714086aab3fed96a53a0,26ec4021e615be5b2de99a82ec665446527db2d9c9735806e245848c74a6af0b,8fc543a3d785f3134393990bc3a2f5f66d7de5d24ad482e9e5b080692f889b1b,dd2ff7a2ba9f8b3691b5a71e0561c8a3522179a13dbdba2d615639fa861d75fa,0.003740647,0.082201718,0000
608,001a,0010,e3b0c44298fc1c149afbf4c8996fb92427ae41e4649b934ca495991b7852b855,d528f4a2e6b1628c4f983eb0316ecdcbc28d68d11130620969318757e815a7c2,1c900be7c04fdb722174f8f9ce9a1a6f70bb0850fea43f755435f1068d209285,c5e536361221d6cc36d7fba4254a2e8a0a560ac6eb7c00cc979a4ab70faa3ae5,972f73882045ed27f2c061c49cca4a02ef3d64021746714086aab3fed96a53a0,26ec4021e615be5b2de99a82ec665446527db2d9c9735806e245848c74a6af0b,9c072e03fec94c039426080fac735985e9490b312a5c6f061c65e2baf44f4b43,deb44ee05c5402aa6a7040cb69f8f383069001c3cf13f0132be6408e602ed9a6,0.003757069,0.082237103,0000
609,001a,0010,e3b0c44298fc1c149afbf4c8996fb92427ae41e4649b934ca495991b7852b855,e0ab96851132e736c8645ac93feb17589f7e12e90b12064b8e690205114ed3d5,949aeb1777e9af7b9a15bb2b9c503c5554b61dee3947cae9c483784d6f8fe0d0,c5e536361221d6cc36d7fba4254a2e8a0a560ac6eb7c00cc979a4ab70faa3ae5,972f73882045ed27f2c061c49cca4a02ef3d64021746714086aab3fed96a53a0,26ec4021e615be5b2de99a82ec665446527db2d9c9735806e245848c74a6af0b,779bb912b7524a61e5db9a1d2cf191d6ae8ea1ca5eeefe27d0f08803ebc39855,f955c39984b29ef908132651f403a5e8d296076e15e03231295412f08dceb6e1,0.003790507,0.082197688,0000
610,001a,0010,e3b0c44298fc1c149afbf4c8996fb92427ae41e4649b934ca495991b7852b855,8424d6b036f0dc8eb932d116f20208489c00906ac0fb99b3775068c68f769209,9f4578a7997eff455d32a7e14eccd85e302621eb76616ba34db37ab6faef5246,c5e536361221d6cc36d7fba4254a2e8a0a560ac6eb7c00cc979a4ab70faa3ae5,972f73882045ed27f2c061c49cca4a02ef3d64021746714086aab3fed96a53a0,26ec4021e615be5b2de99a82ec665446527db2d9c9735806e245848c74a6af0b,4109c2488a38406733ffee7766dd2594552ffa9811e7369ae7d161c2415ff814,42a6a7a8638873d43b78f0b505018338eb24c3fceeadd0211a5dc1e1b0df3429,0.003766763,0.082213394,0000
611,001a,0010,e3b0c44298fc1c149afbf4c8996fb92427ae41e4649b934ca495991b7852b855,bcc23bab3005157acb3141c9aa96ba06f0d74755ba9ce843fd995402506810c9,000e83196c634660d21f6060aee157343b134fd8085197de925bd749e244e0c9,c5e536361221d6cc36d7fba4254a2e8a0a560ac6eb7c00cc979a4ab70faa3ae5,972f73882045ed27f2c061c49cca4a02ef3d64021746714086aab3fed96a53a0,26ec4021e615be5b2de99a82ec665446527db2d9c9735806e245848c74a6af0b,e0d68affd08f981d6e7b4c13eaa849d68044ee043b3ebcdf79eddb7133c68a2e,9f7b8b57f797f0dbc35ed03c04a47e8dea7495b9205e629a6f6067b543e37340,0.003797298,0.082180912,0000
612,001a,0010,e3b0c44298fc1c149afbf4c8996fb92427ae41e4649b934ca495991b7852b855,c5eb65551d70ca283793810368155bcef31942120cd108ea3e300bd051fbe7e0,cde6983ce977b4c354b8ed758e3e44ebeb67c71c464a24d38f7a0eb502c7c5d4,c5e536361221d6cc36d7fba4254a2e8a0a560ac6eb7c00cc979a4ab70faa3ae5,972f73882045ed27f2c061c49cca4a02ef3d64021746714086aab3fed96a53a0,26ec4021e615be5b2de99a82ec665446527db2d9c9735806e245848c74a6af0b,212d47e6ce9dde546314c00aebc7ae31bba4048894eaff417f66758a52b0034f,e5f47fbb7aa774a23bafd2e064db5806b0a4a0d4380ee0777ae80cb91d88b79d,0.003829640,0.082163552,0000
613,001a,0010,e3b0c44298fc1c149afbf4c8996fb92427ae41e4649b934ca495991b7852b855,4150fc4ec5ad3cce5da5b78efc0eee513cf0e19b7b57c7ef9395de8ea811369f,6ae470c3eb1b752336c1f9c61ce1cc349956881f167731fc2574cfecb3319893,c5e536361221d6cc36d7fba4254a2e8a0a560ac6eb7c00cc979a4ab70faa3ae5,972f73882045ed27f2c061c49cca4a02ef3d64021746714086aab3fed96a53a0,26ec4021e615be5b2de99a82ec665446527db2d9c9735806e245848c74a6af0b,d515425911f7cbf15ac3f76941ae6a20705b2c55fe5092fa54870dfc4f8c72d0,d3955d63a07a61753f733efd67e78631e1579a60e4a2a978c0b2cb2f914b23ef,0.003776644,0.082169707,0000
614,001a,0010,e3b0c44298fc1c149afbf4c8996fb92427ae41e4649b934ca495991b7852b855,4410f77bd4d64ce66abbb23a663c0451f5e6ddea2185b022d31dbbc613deae90,5178bdfde345dcb134a2ff52d89f234d1b94ea2842d49500b419317c6bc92feb,c5e536361221d6cc36d7fba4254a2e8a0a560ac6eb7c00cc979a4ab70faa3ae5,972f73882045ed27f2c061c49cca4a02ef3d64021746714086aab3fed96a53a0,26ec4021e615be5b2de99a82ec665446527db2d9c9735806e245848c74a6af0b,aa4fece57e399113db4976605a1f330afd5223f1ff469013bba82bf970b94766,2761b4817e600f4e2ccb4fb21b99ac8843d092c0d6cdd858e444d0edb693ad7d,0.003782851,0.082200986,0000
615,001a,0010,e3b0c44298fc1c149afbf4c8996fb92427ae41e4649b934ca495991b7852b855,70c27fda022224fb1b24711e89d26d5090b0449b71d9c1944de008344ba8f447,3ff4a2aa8f762b16891134d834f86d5bfe348f00626b8cf7342c74b38edb5d50,c5e536361221d6cc36d7fba4254a2e8a0a560ac6eb7c00cc979a4ab70faa3ae5,972f73882045ed27f2c061c49cca4a02ef3d64021746714086aab3fed96a53a0,26ec4021e615be5b2de99a82ec665446527db2d9c9735806e245848c74a6af0b,85f9a1c8fcd393982022b949cfa2871d2906e7e8ac8d9a08720a24e62116e345,27961b84812501a9783dd607bbb81d8002607b66935bd5b2975853b67f6a211e,0.003766063,0.082194062,0000
616,001a,0010,e3b0c44298fc1c149afbf4c8996fb92427ae41e4649b934ca495991b7852b855,9479b9b82de5c33b7cc62328cfba6d80784767b59fd72fcc468fd048de9cc530,8ef15125556caa07060083d7f5f6f657856e5a301696c1110a0e85944dcfa574,c5e536361221d6cc36d7fba4254a2e8a0a560ac6eb7c00cc979a4ab70faa3ae5,972f73882045ed27f2c061c49cca4a02ef3d64021746714086aab3fed96a53a0,26ec4021e615be5b2de99a82ec665446527db2d9c9735806e245848c74a6af0b,840caa0f6d3b694308407b17cad8300f3346860c14d499d50170f806cdf23230,e83ed2d507875878b1e900f96575ca19b1ca82fa587a6fd9be67fd78f970b980,0.003743328,0.082223013,0000
617,001a,0010,e3b0c44298fc1c149afbf4c8996fb92427ae41e4649b934ca495991b7852b855,3ea2984dc2672c65426d678013299a8d2bdaeead97228a171cd55a7e43b10a4c,b67b04b8518de2fd104d703b6dadb4a25e625a84f3f4eabe949c7965b93a4297,c5e536361221d6cc36d7fba4254a2e8a0a560ac6eb7c00cc979a4ab70faa3ae5,972f73882045ed27f2c061c49cca4a02ef3d64021746714086aab3fed96a53a0,26ec4021e615be5b2de99a82ec665446527db2d9c9735806e245848c74a6af0b,2030204f98c09c351cd300acf602db95d22fa419930d930f5bb85335ee897e9d,9fa9c80271d22ed2fb9a6bd4aee8aba19dd026249caa27dad2237d062ce6f98b,0.003763870,0.082191177,0000
618,001a,0010,e3b0c44298fc1c149afbf4c8996fb92427ae41e4649b934ca495991b7852b855,673f0f22dd36518825e5bd4c46f18a839e2cec8d449890df471a293a47d55176,b8e55135c8c339f0ef7a7af1035c47cda1581b6f9ebd209b1411adf56d1da007,c5e536361221d6cc36d7fba4254a2e8a0a560ac6eb7c00cc979a4ab70faa3ae5,972f73882045ed27f2c061c49cca4a02ef3d64021746714086aab3fed96a53a0,26ec4021e615be5b2de99a82ec665446527db2d9c9735806e245848c74a6af0b,e59f0d168fe97e7ca5ffa864af8de416e641c733d245098f788327048f78e4a2,bf4b0f76b0d18913a4f8867695f747093b45e3ea66d47dbb2bf63b1e325891ea,0.003757069,0.082247767,0000
619,001a,0010,e3b0c44298fc1c149afbf4c8996fb92427ae41e4649b934ca495991b7852b855,f63aa4f6552a5784446d17a93449071ba6b700fd21c4fb0b427410e82c96efb0,33055375cae7cab4b5b1b3c317cef33b5a99d2dc97245ba08c495d7b454569da,c5e536361221d6cc36d7fba4254a2e8a0a560ac6eb7c00cc979a4ab70faa3ae5,972f73882045ed27f2c061c49cca4a02ef3d64021746714086aab3fed96a53a0,26ec4021e615be5b2de99a82ec665446527db2d9c9735806e245848c74a6af0b,fc4641a8e83bd70bf1fc80306e6f160b50d72622032b2e313d02cbe1395d9688,2b9b1bf7dfbffdbf6bbeef9745cc2eeaab69fd58dda7227f1cc714552f20b6a7,0.003795929,0.082197227,0000
620,001a,0010,e3b0c44298fc1c149afbf4c8996fb92427ae41e4649b934ca495991b7852b855,ae6533b7823b055a6ca71c9e2dd21feb58f9319f246d4c39125e9639cb0116de,f9fea7bc002fa90724e4642b0b867619a6729789c59c338c0e41138ad921dca8,c5e536361221d6cc36d7fba4254a2e8a0a560ac6eb7c00cc979a4ab70faa3ae5,972f73882045ed27f2c061c49cca4a02ef3d64021746714086aab3fed96a53a0,26ec4021e615be5b2de99a82ec665446527db2d9c9735806e245848c74a6af0b,63f657c60a8cdabdcea10aa09259f2ed1c5898ad4e9629f7919884817901554b,c276ba27866b310d01a6060697851e5495db1850987ee5cd13e2c43774ec4963,0.003767045,0.082196271,0000
621,001a,0010,e3b0c44298fc1c149afbf4c8996fb92427ae41e4649b934ca495991b7852b855,8bdcd7355b096c9ed94c8a818e94a68d1f62b54b904592a29ef3519af983f3ca,c3d6243cf545710ab61aac1c8a60ecdfd32f1d40682fcf47ae5d964eaa842442,c5e536361221d6cc36d7fba4254a2e8a0a560ac6eb7c00cc979a4ab70faa3ae5,972f73882045ed27f2c061c49cca4a02ef3d64021746714086aab3fed96a53a0,26ec4021e615be5b2de99a82ec665446527db2d9c9735806e245848c74a6af0b,1892e46f92ba69c870dac950fd967d8b3ef77a0c94a2973401e183256a75b042,b6c915e75642ff0d68a478230c5df9b3081fc11019cf8521197a4af466ac65fd,0.003762426,0.082197921,0000
622,001a,0010,e3b0c44298fc1c149afbf4c8996fb92427ae41e4649b934ca495991b7852b855,aa794ff47a297ba37c9055bb97428e889e7c2f02b1e7b33b0c38421a2515afca,472d0290b4a367145333e4f7a75b0149f9e763425565b487ef6fe484ceb615bd,c5e536361221d6cc36d7fba4254a2e8a0a560ac6eb7c00cc979a4ab70faa3ae5,972f73882045ed27f2c061c49cca4a02ef3d64021746714086aab3fed96a53a0,26ec4021e615be5b2de99a82ec665446527db2d9c9735806e245848c74a6af0b,6254884773230708f37619bc7bb51014c7997b65c7a135594dabffcceaa3de32,ce6c06462918505379d2ad5c39015bafcf959671f24fe54fa72a95095ebdc641,0.003799881,0.082192803,0000
623,001a,0010,e3b0c44298fc1c149afbf4c8996fb92427ae41e4649b934ca495991b7852b855,371f77a334be8ac1b0e8be89970067c0e3e3ca1af1a05eea2918d88b45420101,6155a6227e5c2f852ce25781f71c794d42cdf67ad8f4c6b003acab2724362243,c5e536361221d6cc36d7fba4254a2e8a0a560ac6eb7c00cc979a4ab70faa3ae5,972f73882045ed27f2c061c49cca4a02ef3d64021746714086aab3fed96a53a0,26ec4021e615be5b2de99a82ec665446527db2d9c9735806e245848c74a6af0b,99841895b56e15b8d3191d1a70beeef6fe06b310f8e5c878e1987d0ca9e344c9,1d8c65021e4bb758ca80656b9c3f4f54cf702d6bda080d951b48a21f45bc0f42,0.003758216,0.082195077,0000
624,001a,0010,e3b0c44298fc1c149afbf4c8996fb92427ae41e4649b934ca495991b7852b855,06248fe1faa1637b577f8438085c5b2e5bbcfda1e167d2c2e5ffa4c7c90bade5,f949cce4f5e3a33dd2cfe2f2af7011cd9875792ad40e229dd7bd6b9820d9ae86,c5e536361221d6cc36d7fba4254a2e8a0a560ac6eb7c00cc979a4ab70faa3ae5,972f73882045ed27f2c061c49cca4a02ef3d64021746714086aab3fed96a53a0,26ec4021e615be5b2de99a82ec665446527db2d9c9735806e245848c74a6af0b,f7a5d3faaa9817b43fe815ef55e8c408a6522f6cc589708ab533637786cbe16a,29638775e22d1cfda4a4deeeaf7e8707a17ec92494a710fd3e71ea6cc45e1619,0.003779595,0.082204333,0000
625,001a,0010,e3b0c44298fc1c149afbf4c8996fb92427ae41e4649b934ca495991b7852b855,396513668daf3473ec6609872d57c381e1835919ad7137acb251f887bcd887cd,c7216a240a436ae3b3a4ccff2cab90e52f484dd1a00562c9d73b679ba49f2c4f,c5e536361221d6cc36d7fba4254a2e8a0a560ac6eb7c00cc979a4ab70faa3ae5,972f73882045ed27f2c061c49cca4a02ef3d64021746714086aab3fed96a53a0,26ec4021e615be5b2de99a82ec665446527db2d9c9735806e245848c74a6af0b,e548489184b8789eb648ef7ec294b48f1888b6648d3d8481744fa266c7a57c32,dbda0479eaba0bb3e5da6b9c2bdd3bf46346550fef6a557eebd046de1e7a4221,0.003750373,0.082174378,0000
626,001a,0010,e3b0c44298fc1c149afbf4c8996fb92427ae41e4649b934ca495991b7852b855,2b11aa2a1dd6e36dc15cae92450d3bc724a7c32c462534c43547db6805f5365e,604a03c598bdf8f255a30d834910eb376a6f1ecb70d0588de9c4e6d21b55ffcc,c5e536361221d6cc36d7fba4254a2e8a0a560ac6eb7c00cc979a4ab70faa3ae5,972f73882045ed27f2c061c49cca4a02ef3d64021746714086aab3fed96a53a0,26ec4021e615be5b2de99a82ec665446527db2d9c9735806e245848c74a6af0b,e371c3a1d17eae00f428fe5fc12ffb7c7cbdf9caef2fd789e765c791300fb058,5593f0bf2cbd4ed33207d17381359450695eb183587ed8e9b256b63141af5b89,0.003768394,0.082259434,0000
627,001a,0010,e3b0c44298fc1c149afbf4c8996fb92427ae41e4649b934ca495991b7852b855,e00be93ff5ab8db8c761557a0de016db9810db575d3a507d81eab6cc3a7af890,4b42393ef3c6eb6fb4fcab478b89c9c772038bcf92d302771deb9320ec8a7f46,c5e536361221d6cc36d7fba4254a2e8a0a560ac6eb7c00cc979a4ab70faa3ae5,972f73882045ed27f2c061c49cca4a02ef3d64021746714086aab3fed96a53a0,26ec4021e615be5b2de99a82ec665446527db2d9c9735806e245848c74a6af0b,715536b79c743e141e5d4954e8f3990f0c30a3b573bbcb36ba57d1bb3c8d0b68,3ef74b58a607e910362054dcce4994639823c03f55f7c86b0e16f75fdd66ccb2,0.003775933,0.082201599,0000
628,001a,0010,e3b0c44298fc1c149afbf4c8996fb92427ae41e4649b934ca495991b7852b855,5f78df49d17dfce79b3c2edbcae8c268247a5e679ead045f7ca86594dc704254,1438d5231c714bad60661c0a63c6dc1e3c0fb50ad6c4847d035c2ce0fc968b68,c5e536361221d6cc36d7fba4254a2e8a0a560ac6eb7c00cc979a4ab70faa3ae5,972f73882045ed27f2c061c49cca4a02ef3d64021746714086aab3fed96a53a0,26ec4021e615be5b2de99a82ec665446527db2d9c9735806e245848c74a6af0b,f9ac03f08016ffc33a6b8d6a14230b14ee5593396054eca6812db21231516527,5cc9e5bd159c6c485857e21a2144b38f8627ce062d58e144b52f479bc1008c1b,0.003731424,0.082238675,0000
629,001a,0010,e3b0c44298fc1c149afbf4c8996fb92427ae41e4649b934ca495991b7852b855,f8f033012436017c2a1e3b209bfd2d0853239ab8af66834eca16921703702ba8,be04c7394f96a7c13bc5d0358fea76de0f620f74187625be4f74641dd25570b0,c5e536361221d6cc36d7fba4254a2e8a0a560ac6eb7c00cc979a4ab70faa3ae5,972f73882045ed27f2c061c49cca4a02ef3d64021746714086aab3fed96a53a0,26ec4021e615be5b2de99a82ec665446527db2d9c9735806e245848c74a6af0b,507d92f9fb26e539b863446211c1db954c7fd30d96d4ade4260f2f1cfca52886,fcadd3e6147d7c95990faa06bae1a96f51dc8a55978d9161dccd349db874ffd8,0.003763614,0.082229253,0000
630,001a,0010,e3b0c44298fc1c149afbf4c8996fb92427ae41e4649b934ca495991b7852b855,46825d0756a9bf84554470a98263c025d1ed4a0806646ba8292a327b619cb326,d5af5e9f2650276b3860d80959c371ed70f4a0ee7d9aa3f2a8e88c3ea10902cb,c5e536361221d6cc36d7fba4254a2e8a0a560ac6eb7c00cc979a4ab70faa3ae5,972f73882045ed27f2c061c49cca4a02ef3d64021746714086aab3fed96a53a0,26ec4021e615be5b2de99a82ec665446527db2d9c9735806e245848c74a6af0b,30926457c3275f5356c8f0e008dc2530de2bd391e1804e2dac0a368a4ede72c9,796a392111ce3e8055ad13251bbcd802ceac6f30eeb1b6b329b0717263e96398,0.003801429,0.082174705,0000
631,001a,0010,e3b0c44298fc1c149afbf4c8996fb92427ae41e4649b934ca495991b7852b855,357f36fb51f44c176238b31fc4f3f39b994a1d690bfac9b940d82cea41e34ec6,0a911f88f6255b072e7ef7818d3b198a32d62db9c11e956ce991092ade3cbcb2,c5e536361221d6cc36d7fba4254a2e8a0a560ac6eb7c00cc979a4ab70faa3ae5,972f73882045ed27f2c061c49cca4a02ef3d64021746714086aab3fed96a53a0,26ec4021e615be5b2de99a82ec665446527db2d9c9735806e245848c74a6af0b,5bf6d15b1a6842b8ff8154f02e096abbff6cdf044eeeed7e2119bc04809a9d93,54803c8ad28e5231520be4f93ab8a6154b782f44823fa5fd90593000e83ef6b3,0.003511577,0.082158769,0000
632,001a,0010,e3b0c44298fc1c149afbf4c8996fb92427ae41e4649b934ca495991b7852b855,167dc4551ece1d542c969dd3760dabb47fad15e0f3e5b4d12402232807d8e248,d894d60fd502dc6e59dedddcb6ff316b740954b47bfa3223e647921c889c3ce3,c5e536361221d6cc36d7fba4254a2e8a0a560ac6eb7c00cc979a4ab70faa3ae5,972f73882045ed27f2c061c49cca4a02ef3d64021746714086aab3fed96a53a0,26ec4021e615be5b2de99a82ec665446527db2d9c9735806e245848c74a6af0b,49b2e7ee15262ca8314187c6d0357199c717a1ed5dce9c822730f06d8734ad8b,6812698ed74f2c641c9e2841f3b8afed6064c182d4adb05bbc68271b4784a8ae,0.003804911,0.082487714,0000
633,001a,0010,e3b0c44298fc1c149afbf4c8996fb92427ae41e4649b934ca495991b7852b855,8617d26df12e61fc76ec3a4f833475b5a16c14d63b6dd56b332c75eacb587701,2e987ca49549fdb1466f501b05f0ae8fe786f8d74f751e2fda4eeeb45f36aace,c5e536361221d6cc36d7fba4254a2e8a0a560ac6eb7c00cc979a4ab70faa3ae5,972f73882045ed27f2c061c49cca4a02ef3d64021746714086aab3fed96a53a0,26ec4021e615be5b2de99a82ec665446527db2d9c9735806e245848c74a6af0b,1885ae0d4919d5019e0b2b2cb79c1dd517b9fe109bf5fef42ed4b3ac505fd6bc,a41a41ee700a6e9abbe647dfcafed2b61da92883251e11ee54bd19fedc62c6d4,0.003793118,0.082232202,0000
634,001a,0010,e3b0c44298fc1c149afbf4c8996fb92427ae41e4649b934ca495991b7852b855,d3fd19e943bdf79e8787a96e83822c8ed9374d6d2e0fb45c27bc927c4c32f0b7,24a493d8471220e118edec1d2a56f985f05bafade24a6f5c4df0ab7489c5cc21,c5e536361221d6cc36d7fba4254a2e8a0a560ac6eb7c00cc979a4ab70faa3ae5,972f73882045ed27f2c061c49cca4a02ef3d64021746714086aab3fed96a53a0,26ec4021e615be5b2de99a82ec665446527db2d9c9735806e245848c74a6af0b,6fa2580afcd36a2c921cbf78bc81ed68e33803254304d75664f78287238e0b67,52fd54acbc5b00fdfc135c5432ba37cb7d8e669a39738c95a2408ee0c8c339c1,0.003719604,0.082148099,0000
635,001a,0010,e3b0c44298fc1c149afbf4c8996fb92427ae41e4649b934ca495991b7852b855,79bb06531767b9333de183d8c86f6d48a9064fe89b7d70e5c84f86f3578371e1,dbddfc1bee86a88114860f4ddafc50e4e449889a371e13c40c1ac3f86fe8e6e4,c5e536361221d6cc36d7fba4254a2e8a0a560ac6eb7c00cc979a4ab70faa3ae5,972f73882045ed27f2c061c49cca4a02ef3d64021746714086aab3fed96a53a0,26ec4021e615be5b2de99a82ec665446527db2d9c9735806e245848c74a6af0b,f44e7b82f9364137d6e7320f302fa12edbf9cc765ec89920fc8574e2912fb98a,43851e6cf7119ba3e53a3416dc59e0e51d4c9945a96eafdb16e1334b6a1bcb88,0.003804958,0.082230822,0000
636,001a,0010,e3b0c44298fc1c149afbf4c8996fb92427ae41e4649b934ca495991b7852b855,23bd5fcbcd3db22324381605eaf7f657b45d4b7f379f3808a313a1d146c3ff1e,8b619e46e8299a96c67ad9736a1d61e1b91613deb540bef2b874e70f6f60e4b9,c5e536361221d6cc36d7fba4254a2e8a0a560ac6eb7c00cc979a4ab70faa3ae5,972f73882045ed27f2c061c49cca4a02ef3d64021746714086aab3fed96a53a0,26ec4021e615be5b2de99a82ec665446527db2d9c9735806e245848c74a6af0b,1a77a15641be2e0df6fa880adaa0faa898c62ef10f560612b8800114f706aa30,6792f1f7d4c12d94075ebc7c798bd31d05cb40f0dcf7101fb8b61284f2cbcb05,0.003782176,0.082198948,0000
637,001a,0010,e3b0c44298fc1c149afbf4c8996fb92427ae41e4649b934ca495991b7852b855,f294efe1179baba657b9c35ca6ebe76d407656541b708caaa6ab484b2296e5a9,047e4cdc3fd4df368e02aa05ffad61516294e0bfd038bf473caff34f3e1c00f3,c5e536361221d6cc36d7fba4254a2e8a0a560ac6eb7c00cc979a4ab70faa3ae5,972f73882045ed27f2c061c49cca4a02ef3d64021746714086aab3fed96a53a0,26ec4021e615be5b2de99a82ec665446527db2d9c9735806e245848c74a6af0b,87d985c49a97511545a7ba76558da530731d2172f250c9715636595530922f23,c00d1857b2b83f767da465c0cfefeb0aa9e7078d22eeef75be384e87147e400f,0.003729224,0.082166104,0000
638,001a,0010,e3b0c44298fc1c149afbf4c8996fb92427ae41e4649b934ca495991b7852b855,a9daf9c063d13db3ccf7530309a254edc9561feaf6e1c28ac5b4f0c895e819f7,b89a59df68492e8d7437c97a74eda13b4fe8a6e65fc0b04d34f9495f20d48e5c,c5e536361221d6cc36d7fba4254a2e8a0a560ac6eb7c00cc979a4ab70faa3ae5,972f73882045ed27f2c061c49cca4a02ef3d64021746714086aab3fed96a53a0,26ec4021e615be5b2de99a82ec665446527db2d9c9735806e245848c74a6af0b,780fb9eeeb00bd57589e8b0a7073065ca3a203bdc544943d84a6174fbc66c6eb,cb961aa91212962b291414d62bc6dee2978c1b971cf3a1611c333d3387ce23ad,0.003812329,0.082243336,0000
639,001a,0010,e3b0c44298fc1c149afbf4c8996fb92427ae41e4649b934ca495991b7852b855,fc35cc270f906691bd4e4d1f03593ef41ba23288f7ce3a0bb25c0bbbdd833677,a18087dc61f61f2b9c218e8ef7dd624827b26bf9fb0a7487c4007db8a670d4e9,c5e536361221d6cc36d7fba4254a2e8a0a560ac6eb7c00cc979a4ab70faa3ae5,972f73882045ed27f2c061c49cca4a02ef3d64021746714086aab3fed96a53a0,26ec4021e615be5b2de99a82ec665446527db2d9c9735806e245848c74a6af0b,c0bae7d3adef7c55dea6e8fee7c40a10a3552a9377ddccae8d422ba6155149f9,b8a0839b31a36fcc8d9a2845c9598d21d2c73808112d5e111f2984977b3c2f5a,0.003785484,0.082190953,0000
640,001a,0010,e3b0c44298fc1c149afbf4c8996fb92427ae41e4649b934ca495991b7852b855,590d4b5f9fd9e368cb8c4333dbea4e82eedd3243766efd9c65a688059e08c344,600a4e70a8f494592d7cb3c5a0e8b115a83903538cb38d3f6f851d90eff93a36,c5e536361221d6cc36d7fba4254a2e8a0a560ac6eb7c00cc979a4ab70faa3ae5,972f73882045ed27f2c061c49cca4a02ef3d64021746714086aab3fed96a53a0,26ec4021e615be5b2de99a82ec665446527db2d9c9735806e245848c74a6af0b,5981ec68c7b6535dafaa17168c9739aeb16ca51ebe1d4fc15c801c6bea0cadfc,acfa899f9d2a846d23c3d11d02389afab61492a959b453e3b1dcfeb3afd82b8a,0.003806787,0.082165272,0000
641,001a,0010,e3b0c44298fc1c149afbf4c8996fb92427ae41e4649b934ca495991b7852b855,3986ee29a2d66cc848da087d721f14ef3a82dc8f26aac3ae3c57c20947f92de4,2b2824b95e4af5d8f24f78c2d780ba17ec8f5a4db6aeff58a3e6ea4d628b0943,c5e536361221d6cc36d7fba4254a2e8a0a560ac6eb7c00cc979a4ab70faa3ae5,972f73882045ed27f2c061c49cca4a02ef3d64021746714086aab3fed96a53a0,26ec4021e615be5b2de99a82ec665446527db2d9c9735806e245848c74a6af0b,01a6284f79fad8dce15ee0dba203f4645c05d635ca2d9cbd0089f142e843aab7,1ae397bad2619236985686394478bec13ab4119808a2d0349a818074412fe1f4,0.003789646,0.082185434,0000
642,001a,0010,e3b0c44298fc1c149afbf4c8996fb92427ae41e4649b934ca495991b7852b855,56fc87418af2043eb18a505cec1158e6009673771773b2c65f0d5bc075989672,0a8b2b03aaeb2e19c3fba7f4d39d581dec248fcadd679b0d44234b00445b5784,c5e536361221d6cc36d7fba4254a2e8a0a560ac6eb7c00cc979a4ab70faa3ae5,972f73882045ed27f2c061c49cca4a02ef3d64021746714086aab3fed96a53a0,26ec4021e615be5b2de99a82ec665446527db2d9c9735806e245848c74a6af0b,f7116dfa51c59fc2b711786bbc7ac48f5fc63e7973e7860aed3b5469e27721ac,c2f6c50727ceb8c105eff35c171a54a97836b467dc998f60b6b0007ca5fe7b03,0.003778106,0.082204915,0000
643,001a,0010,e3b0c44298fc1c149afbf4c8996fb92427ae41e4649b934ca495991b7852b855,9d986366043b53184c017f8fc63ebced4fd1459d287b1ef8b189a97d701477dc,8ebbd8bf315053c50f98e31e98ef83c8143cd267bbb11d2c7bf08c7ff3cd7d73,c5e536361221d6cc36d7fba4254a2e8a0a560ac6eb7c00cc979a4ab70faa3ae5,972f73882045ed27f2c061c49cca4a02ef3d64021746714086aab3fed96a53a0,26ec4021e615be5b2de99a82ec665446527db2d9c9735806e245848c74a6af0b,50f180ce9f5be0bbc92c9a980dc8bce7183e5437133f1fba3ef9f9e6b54ef7ab,aacb2692622c410fd05a44d314853861cf0db0cf5d55413f692398425f94762b,0.003802042,0.082175531,0000
644,001a,0010,e3b0c44298fc1c149afbf4c8996fb92427ae41e4649b934ca495991b7852b855,0ec585bf561397f6d7a19e38b7bcc6b3b2c4d0f23acabb57af0de455886c615d,ae81ba61f89afdccb3c95c53f1f33910f22ea59a210d4be89e7b43667e7d8ac5,c5e536361221d6cc36d7fba4254a2e8a0a560ac6eb7c00cc979a4ab70faa3ae5,972f73882045ed27f2c061c49cca4a02ef3d64021746714086aab3fed96a53a0,26ec4021e615be5b2de99a82ec665446527db2d9c9735806e245848c74a6af0b,7caa99099ca8970fffa2946d9db037222288284f1774292335dbc4a76924fe4d,661a4e997d7d33d76aa9c6e1e2cea630a31aa53ce3e057e459e442d541e39893,0.003720674,0.082190250,0000
645,001a,0010,e3b0c44298fc1c149afbf4c8996fb92427ae41e4649b934ca495991b7852b855,5f987bc350c97e6fae1da5302a2bb5a3d23cb281349ea8f856702fbf24976350,2c0190b29331a98607858d571bbe124cae835375306700f536b58685f3dc753a,c5e536361221d6cc36d7fba4254a2e8a0a560ac6eb7c00cc979a4ab70faa3ae5,972f73882045ed27f2c061c49cca4a02ef3d64021746714086aab3fed96a53a0,26ec4021e615be5b2de99a82ec665446527db2d9c9735806e245848c74a6af0b,6e756c0bcb5aefd5cbbc74134b3e8bed05111746151fc4138b5c212de56c67fb,8139e9e24f6cc951110dd44223c3475c9b68f76cac2f9917950d1364af5eb818,0.003808166,0.082231229,0000
646,001a,0010,e3b0c44298fc1c149afbf4c8996fb92427ae41e4649b934ca495991b7852b855,ffe763b80879ada6e40ab09df95e018393c5425b3c627b65c1028a5bbb3886cf,95290586d17e76a06471231c5ea20cee31ddcbc901dab0f878cfb23722dcc07d,c5e536361221d6cc36d7fba4254a2e8a0a560ac6eb7c00cc979a4ab70faa3ae5,972f73882045ed27f2c061c49cca4a02ef3d64021746714086aab3fed96a53a0,26ec4021e615be5b2de99a82ec665446527db2d9c9735806e245848c74a6af0b,795bfba88cc7863f1935646c78988bc2570e49d0f4ea091c864318995f545dff,21532b4778cb0e015fd9e2fb24f7e70af8202e6d2734fcef43871bf20c41b2ef,0.003752690,0.082215562,0000
647,001a,0010,e3b0c44298fc1c149afbf4c8996fb92427ae41e4649b934ca495991b7852b855,df9c779ddaa6fdb1fb0434479dcdac192267ba4947cffac80c90b6385a08e246,c60b55552d253b76e3dd411c267a6daaca9bbcdd30bcf0114fe3ad89fc2769e5,c5e536361221d6cc36d7fba4254a2e8a0a560ac6eb7c00cc979a4ab70faa3ae5,972f73882045ed27f2c061c49cca4a02ef3d64021746714086aab3fed96a53a0,26ec4021e615be5b2de99a82ec665446527db2d9c9735806e245848c74a6af0b,1d2dd6e182ab816209a55139e13b4ccf0f91e143e84cdad0e1c86859e7acd213,80c2b88fa254489f7c13ff9f3dd33eb8c3222e70887a67eb4a57e2d066cea9f5,0.003756797,0.082198520,0000
648,001a,0010,e3b0c44298fc1c149afbf4c8996fb92427ae41e4649b934ca495991b7852b855,9f942434804efe999b7bdf819eff5e241a8915371e1b469eb4f432df79dfeafa,05ef54a4f8f30aba61e216ad90dd258042d660f131c73b65cc721a25b65fdd27,c5e536361221d6cc36d7fba4254a2e8a0a560ac6eb7c00cc979a4ab70faa3ae5,972f73882045ed27f2c061c49cca4a02ef3d64021746714086aab3fed96a53a0,26ec4021e615be5b2de99a82ec665446527db2d9c9735806e245848c74a6af0b,df15206fbbff6e008a313fece085a3a8a1ac333a81adf9b71e0726d04cdba786,e9ac6cf02e43d61b4a81139fe6920030a88050f73f59fadb1f58ac42cdedf18d,0.003778912,0.082218183,0000
649,001a,0010,e3b0c44298fc1c149afbf4c8996fb92427ae41e4649b934ca495991b7852b855,34a21d893b4cd6d787584e9fa6495d913445a642b2c9f5359d416bf68cd7943a,dff625f8271e5283b3cfddb98d6cd15c2ce55cf86d693aca577478257a862768,c5e536361221d6cc36d7fba4254a2e8a0a560ac6eb7c00cc979a4ab70faa3ae5,972f73882045ed27f2c061c49cca4a02ef3d64021746714086aab3fed96a53a0,26ec4021e615be5b2de99a82ec665446527db2d9c9735806e245848c74a6af0b,e1ce4eac553ed5fecf18baf314a29ceec0bcdd2419c5f8288d0fc39f27ab6127,6bdb15786dd17856f992665d3f0b09fe42819b11f40dbd10b48be27da9fa58f5,0.003763720,0.082215573,0000
650,001a,0010,e3b0c44298fc1c149afbf4c8996fb92427ae41e4649b934ca495991b7852b855,00ec2a1de99a792c0be7dafac2315a2e0a3c1253ad19d2ebccd7429a1c698a93,2bdf8c7d4ac33a3b488bd0fd81e0cfcd9392d5f26ffda40096e042c1a3b880c0,c5e536361221d6cc36d7fba4254a2e8a0a560ac6eb7c00cc979a4ab70faa3ae5,972f73882045ed27f2c061c49cca4a02ef3d64021746714086aab3fed96a53a0,26ec4021e615be5b2de99a82ec665446527db2d9c9735806e245848c74a6af0b,8b221e3d40cd755ebdd4831971581a87526d8bddea91498daa7c15c74cb38395,8931a66eb2737502b8be7c8bb7b09b37395b23e74d070fb57928e95a013fb607,0.003563371,0.082136945,0000
651,001a,0010,e3b0c44298fc1c149afbf4c8996fb92427ae41e4649b934ca495991b7852b855,b09e6945b42d1c91df01eae5f30e681fac9e31b2185d8f232f7c58513459d8c1,56657a419a5d4da050dbea7fd8133e0856b58f5cc8a5ea8e4e439e24d6410a43,c5e536361221d6cc36d7fba4254a2e8a0a560ac6eb7c00cc979a4ab70faa3ae5,972f73882045ed27f2c061c49cca4a02ef3d64021746714086aab3fed96a53a0,26ec4021e615be5b2de99a82ec665446527db2d9c9735806e245848c74a6af0b,406831c082aa14c11c738ae6e07e834a977462a2577a951b43ecd6124218e24d,6bc98a0042547aaa338e9ac7081b5e3dc63455cb33abec43b4d3b00c2644c01e,0.003762517,0.082464129,0000
652,001a,0010,e3b0c44298fc1c149afbf4c8996fb92427ae41e4649b934ca495991b7852b855,9260565f9e722714fb799223f0666054174984dff1a0b2c43381aae0d919c65e,3a19b1f0c3fc2cc4c195670024472bbdecf5db3b944cbbe8ed808c699101eb94,c5e536361221d6cc36d7fba4254a2e8a0a560ac6eb7c00cc979a4ab70faa3ae5,972f73882045ed27f2c061c49cca4a02ef3d64021746714086aab3fed96a53a0,26ec4021e615be5b2de99a82ec665446527db2d9c9735806e245848c74a6af0b,67d42bf69165438922b511159a3319afa9e1190f0ed2cb186e98645eb0e29f35,182603f7dedeaff2727c81783e83c215587d305925442d0b14389c8248804b4c,0.003743270,0.082215062,0000
653,001a,0010,e3b0c44298fc1c149afbf4c8996fb92427ae41e4649b934ca495991b7852b855,23cd35be85b103c08ead4c94d3c6942d5b7dda415eab780c415925717acab35b,a0aa6a3e23dccf4c11fcff7cc2a176df683415778073ee835ba8689e6ffc101f,c5e536361221d6cc36d7fba4254a2e8a0a560ac6eb7c00cc979a4ab70faa3ae5,972f73882045ed27f2c061c49cca4a02ef3d64021746714086aab3fed96a53a0,26ec4021e615be5b2de99a82ec665446527db2d9c9735806e245848c74a6af0b,fa5dae343b4bfd8514d29b8ab409affa0a92dc2d4fb49f13dae34cfadb2640b7,d7766efefa4b8e4662efd9ccf1ba20d02475b9a643a1f6eccf00c07d9a164877,0.003788087,0.082228483,0000
654,001a,0010,e3b0c44298fc1c149afbf4c8996fb92427ae41e4649b934ca495991b7852b855,835aacb908c291f92d49039970c761579b1b801822ed858a091efc28039e50a2,e6926b04f00b1c85a3868c1c69a812cc9de591a43b4ed4c78429e24a054f80c6,c5e536361221d6cc36d7fba4254a2e8a0a560ac6eb7c00cc979a4ab70faa3ae5,972f73882045ed27f2c061c49cca4a02ef3d64021746714086aab3fed96a53a0,26ec4021e615be5b2de99a82ec665446527db2d9c9735806e245848c74a6af0b,a1574497bdf8090bea5b3133c3bb3d3976d01107a1e24ed513deaa51d8a51d98,16e5b174b18c3f22c823a90d38c5986f2093f8440b07ddad3c8601ad2fac1556,0.003732245,0.082232529,0000
655,001a,0010,e3b0c44298fc1c149afbf4c8996fb92427ae41e4649b934ca495991b7852b855,106ab901542248e84939ed68ce846e3fb1fcaba4c8a302970e155ab36cc49291,5b9a007b9e90f7a48fdb7433a1697d8603bb8c5b8734b824cd2fef4c8a0e181a,c5e536361221d6cc36d7fba4254a2e8a0a560ac6eb7c00cc979a4ab70faa3ae5,972f73882045ed27f2c061c49cca4a02ef3d64021746714086aab3fed96a53a0,26ec4021e615be5b2de99a82ec665446527db2d9c9735806e245848c74a6af0b,2c2ec5c96f4338b67b908a1cf87cd26652a80657b79174186eddf7026feeceb7,394a27d4e0d2762f4d1e16e96bf3dc5810a5d3f193b5397d5839d1f851686141,0.003509106,0.082118052,0000
656,001a,0010,e3b0c44298fc1c149afbf4c8996fb92427ae41e4649b934ca495991b7852b855,f51179da05a0e773ac3cc6204f94366be0b571ab599a175df7a9178e36adbb7c,3b9d3b2faed76a0aaed2c2ec48bf7ce4e4fc64dd24ac7ccb60d60546055d8f1b,c5e536361221d6cc36d7fba4254a2e8a0a560ac6eb7c00cc979a4ab70faa3ae5,972f73882045ed27f2c061c49cca4a02ef3d64021746714086aab3fed96a53a0,26ec4021e615be5b2de99a82ec665446527db2d9c9735806e245848c74a6af0b,a0e4979711a6e116e156fa77148708b34324327d759f7da9359b5b0c668f5a3a,9bf7e68779ccd8e16c3ea7a7099a56605a85af30a8588f2f4fe71ba0e6fbeb9f,0.003743283,0.082566354,0000
657,001a,0010,e3b0c44298fc1c149afbf4c8996fb92427ae41e4649b934ca495991b7852b855,24c55db6f2e70823bc953a93ec8f0f53fd4774a84e14d0aca38c7b9d5185778c,1c8f99239babe3e68994334e5a33e238c7c16d9d565676bdb383018ce5a0bed8,c5e536361221d6cc36d7fba4254a2e8a0a560ac6eb7c00cc979a4ab70faa3ae5,972f73882045ed27f2c061c49cca4a02ef3d64021746714086aab3fed96a53a0,26ec4021e615be5b2de99a82ec665446527db2d9c9735806e245848c74a6af0b,a08d95793e2e1c1d8c67b609dc1943ff792c053acd154cd4ef395d4ebb8df240,c52a2aa49e75263d277e68946563ae932a424ec8bf777c1554cca130d9805e39,0.003749017,0.082217478,0000
658,001a,0010,e3b0c44298fc1c149afbf4c8996fb92427ae41e4649b934ca495991b7852b855,11c12c092d2abeb87fd83bafba3bae6a561f4d170f2f642629ac94ea83ba112d,95e9de634fde626a688cc92f99dfaecf30a6621ef67bee1143f4130dfdbfb8b7,c5e536361221d6cc36d7fba4254a2e8a0a560ac6eb7c00cc979a4ab70faa3ae5,972f73882045ed27f2c061c49cca4a02ef3d64021746714086aab3fed96a53a0,26ec4021e615be5b2de99a82ec665446527db2d9c9735806e245848c74a6af0b,47ec80b46aac187e3c87e8189586b648ad6fb8a0b76a7552a1ede735f7600a4f,56f844097e531b6d471cb6facfef323f9ab7d368933e5767a42aa3cff031bdc6,0.003805144,0.082213149,0000
659,001a,0010,e3b0c44298fc1c149afbf4c8996fb92427ae41e4649b934ca495991b7852b855,8e6ba07e8d498b677f77aff77312155e2b2fa2345d66c423c065b276ef303d43,eaff9c36922ed0cf4807db121a026b67496f5ba59e2993c62b4cc7a5f1daacec,c5e536361221d6cc36d7fba4254a2e8a0a560ac6eb7c00cc979a4ab70faa3ae5,972f73882045ed27f2c061c49cca4a02ef3d64021746714086aab3fed96a53a0,26ec4021e615be5b2de99a82ec665446527db2d9c9735806e245848c74a6af0b,6f0c4964e8245391bf6e40314c311758e297ac0b5f469a75ddff70e299b7b579,e47daf854bbabd27f7f0a52d18d2a18c79c2a663afad2192c66b4a234bca1604,0.003716865,0.082245776,0000
660,001a,0010,e3b0c44298fc1c149afbf4c8996fb92427ae41e4649b934ca495991b7852b855,4d381940f23486fa4d39e969831a8261053ff84dd8c5b28f8e273b066e40f125,26cb1d2ebad2a3417789d7c3b2553a54a8d82901b7548281537bc5e26f460825,c5e536361221d6cc36d7fba4254a2e8a0a560ac6eb7c00cc979a4ab70faa3ae5,972f73882045ed27f2c061c49cca4a02ef3d64021746714086aab3fed96a53a0,26ec4021e615be5b2de99a82ec665446527db2d9c9735806e245848c74a6af0b,2f2288f1d50ea255dbcf9ae47ef1f7e6e227a259ce57e30fe68391179a7889fc,c91e758bb1909b07782933b86e275b7c01898e2813f9f207803ef9b78e2a520d,0.003774337,0.082208586,0000
661,001a,0010,e3b0c44298fc1c149afbf4c8996fb92427ae41e4649b934ca495991b7852b855,23886b356e552ee106b6f41e8314d1fa8492c27f052408e6df1514c53911b779,18bb504dfb5ba5497199661cc11bfbdb28793f61ba757a23f2646141149c9a78,c5e536361221d6cc36d7fba4254a2e8a0a560ac6eb7c00cc979a4ab70faa3ae5,972f73882045ed27f2c061c49cca4a02ef3d64021746714086aab3fed96a53a0,26ec4021e615be5b2de99a82ec665446527db2d9c9735806e245848c74a6af0b,044106d8e3172fdc3cf96b6c60def8a88f58e5072221a1b3cfce6a8fd70382ce,eb9998eb29d34cf5ffd44f989488a29a760abb276452f1e05570540dee3faf65,0.003740789,0.082200201,0000
662,001a,0010,e3b0c44298fc1c149afbf4c8996fb92427ae41e4649b934ca495991b7852b855,9cc45bbd80ba6240044118e6f5c7cffc046938d7a139e36330b04486c37251d9,966ea3e4232a30a364c796afe43540997c5098544c88454515230f16e9db860e,c5e536361221d6cc36d7fba4254a2e8a0a560ac6eb7c00cc979a4ab70faa3ae5,972f73882045ed27f2c061c49cca4a02ef3d64021746714086aab3fed96a53a0,26ec4021e615be5b2de99a82ec665446527db2d9c9735806e245848c74a6af0b,46973eab9d43de16a6253a306ec60c0959df6db91b75a354b0ce07bb36c9a34c,0df7752750efb4ee25400bc5a096c07e2d8380f672b0098306dba2db724e2650,0.003718354,0.082242463,0000
663,001a,0010,e3b0c44298fc1c149afbf4c8996fb92427ae41e4649b934ca495991b7852b855,9c5267357b86bca54b7dba3d26ce60185bba08088cdbd1aa6ca2618cf07e3168,7f40c05a3639941c0a1ef14a54543bdc3d9790d1068c54aedf95837cad054411,c5e536361221d6cc36d7fba4254a2e8a0a560ac6eb7c00cc979a4ab70faa3ae5,972f73882045ed27f2c061c49cca4a02ef3d64021746714086aab3fed96a53a0,26ec4021e615be5b2de99a82ec665446527db2d9c9735806e245848c74a6af0b,dadf6ee786a4916102d66fc0612392a52ba5d38f304ae3ffa974d3304abeaec4,fd4070baea3f46f60af139994bc8792641f5058b5e159f0ffb68bb2bb067e23c,0.003783964,0.082246248,0000
664,001a,0010,e3b0c44298fc1c149afbf4c8996fb92427ae41e4649b934ca495991b7852b855,bff5708de4964d3e524761f11f66a18ea984ccbb12042d28f7b1a9ba4c558154,626c8e3be0e51e14b8453713139ad1ebdedb247d2880a2026cd61ed52f4df633,c5e536361221d6cc36d7fba4254a2e8a0a560ac6eb7c00cc979a4ab70faa3ae5,972f73882045ed27f2c061c49cca4a02ef3d64021746714086aab3fed96a53a0,26ec4021e615be5b2de99a82ec665446527db2d9c9735806e245848c74a6af0b,adf64858aa75f201face4d7eed2b7c2d283c486afa5ddefc236c40aa528f6795,44fddc53c2d461294a7a925ed62bbd7909c91ebc85641ec09447de7d2037b574,0.003754955,0.082205966,0000
665,001a,0010,e3b0c44298fc1c149afbf4c8996fb92427ae41e4649b934ca495991b7852b855,0a6a02e0f4f483490ff2066c3ad6df6fa222f025796e832f7fea7df61d1a330f,109dbfb7ecc26354fbafcf98435636f48d2d46c21b1a71e44c868fe798f0163a,c5e536361221d6cc36d7fba4254a2e8a0a560ac6eb7c00cc979a4ab70faa3ae5,972f73882045ed27f2c061c49cca4a02ef3d64021746714086aab3fed96a53a0,26ec4021e615be5b2de99a82ec665446527db2d9c9735806e245848c74a6af0b,4adb2e35d3f01898e9470b5e3779f660c10e1701031701df75abc1afa3f6912a,121ff1b02e448232323ed106cc28898c5f5ea76529dd682ee555158270128e09,0.003609793,0.082183830,0000
666,001a,0010,e3b0c44298fc1c149afbf4c8996fb92427ae41e4649b934ca495991b7852b855,2b20868e7e63a9cde012fcc39491b3d21df12b57da6c69c4601ee70952e06db6,8fe21c242cbd43b24f74c56c7945ccd5a067dc126b6fecb546e5f69537900769,c5e536361221d6cc36d7fba4254a2e8a0a560ac6eb7c00cc979a4ab70faa3ae5,972f73882045ed27f2c061c49cca4a02ef3d64021746714086aab3fed96a53a0,26ec4021e615be5b2de99a82ec665446527db2d9c9735806e245848c74a6af0b,eaaa88440446aff8e263ee2d7aa00a5b818e31226daca6c75dae7bea3118d8a7,354ffe37eee7a5e73ea91299344707115a23790fb447d014def8bf62687c8369,0.003775466,0.082385416,0000
667,001a,0010,e3b0c44298fc1c149afbf4c8996fb92427ae41e4649b934ca495991b7852b855,aa2190a78d1e285ba7fbc224a107d90279fc47079560d853dcd431070f2abf53,c269c97b37c8b9558deafdfd1cd7c7cda6da242781777a8368d6bd4a7e48057c,c5e536361221d6cc36d7fba4254a2e8a0a560ac6eb7c00cc979a4ab70faa3ae5,972f73882045ed27f2c061c49cca4a02ef3d64021746714086aab3fed96a53a0,26ec4021e615be5b2de99a82ec665446527db2d9c9735806e245848c74a6af0b,526faa78f2a8830dc4f4438dac90ad2ae1a7748bd9c962dca38a45a127f737b2,8be3ef5356b495c9494c6c8cae2690e0084a7ad61ef8ce9279305ad3d02f2a0c,0.003777917,0.082197243,0000
668,001a,0010,e3b0c44298fc1c149afbf4c8996fb92427ae41e4649b934ca495991b7852b855,9757b1c5feb92cbcad307ecd7c54c67d20458752ccafc599c07fa454e7040829,b75c025930c32868505567cf826039bd704ee39e3a32324ca1a273c699d297b4,c5e536361221d6cc36d7fba4254a2e8a0a560ac6eb7c00cc979a4ab70faa3ae5,972f73882045ed27f2c061c49cca4a02ef3d64021746714086aab3fed96a53a0,26ec4021e615be5b2de99a82ec665446527db2d9c9735806e245848c74a6af0b,37c2fe8d88529dc0d4c6a5b16306fdd32f258c06d34244382bf061567fa065a2,84bad02ecc0f6bf4bfdaaf34ddbed21755d2f17da0f8853f04008b80b058b1a7,0.003599083,0.082184142,0000
669,001a,0010,e3b0c44298fc1c149afbf4c8996fb92427ae41e4649b934ca495991b7852b855,e0b6a2c6901109de80fb763f35cc224d0c6997316a5c2d96c1564ea1efe13f51,e635b62a65c08cda9cb22d995efa84edd414f2e3088bb7a2cffe20dc4e4249fa,c5e536361221d6cc36d7fba4254a2e8a0a560ac6eb7c00cc979a4ab70faa3ae5,972f73882045ed27f2c061c49cca4a02ef3d64021746714086aab3fed96a53a0,26ec4021e615be5b2de99a82ec665446527db2d9c9735806e245848c74a6af0b,40f3fc31bc3b2a4fe6a8ba722c018b17461c2394024a363bab6a391fc5ec464a,997a0a54f90723360fe3481b5612d0fb7cc45c97cef25a6c4cd42dacca694365,0.003798478,0.082365662,0000
670,001a,0010,e3b0c44298fc1c149afbf4c8996fb92427ae41e4649b934ca495991b7852b855,f79dda44b174b50fbf2bafae028c6516496f0cbf5a086f968652484bc0592df1,48b73ec51593f800cfc56da0b081ea6b407df0ce9f127b13a03f3b43d5a57361,c5e536361221d6cc36d7fba4254a2e8a0a560ac6eb7c00cc979a4ab70faa3ae5,972f73882045ed27f2c061c49cca4a02ef3d64021746714086aab3fed96a53a0,26ec4021e615be5b2de99a82ec665446527db2d9c9735806e245848c74a6af0b,86dba49f6db8670cc92997f0047988ccf7e378a44a1e8ade4d160b3302f5166b,af7f9916ec8179c0520fc51eab1d5587798db0bf174ff5921f1503ff1f63c8c1,0.003767966,0.082187024,0000
671,001a,0010,e3b0c44298fc1c149afbf4c8996fb92427ae41e4649b934ca495991b7852b855,a3a60e292155406722a3f086db0d556967c0b9d61801de5d208712b1558fc117,d9699368185ace192c3cf80e337ed5c3192df1a20bdd65bfc7a84ddf2065a7ba,c5e536361221d6cc36d7fba4254a2e8a0a560ac6eb7c00cc979a4ab70faa3ae5,972f73882045ed27f2c061c49cca4a02ef3d64021746714086aab3fed96a53a0,26ec4021e615be5b2de99a82ec665446527db2d9c9735806e245848c74a6af0b,836e944fff7066e7e07a2f32fc3f53f999900ecc40476954c8c47f8862686169,d93490d3a16f1f037d42a6c61afb9e54917f00d103957fcbc95ad8837d8cf26f,0.003776195,0.082192090,0000
672,001a,0010,e3b0c44298fc1c149afbf4c8996fb92427ae41e4649b934ca495991b7852b855,20cb43dd1bf1574c686b1284893f66d3ed30d0e60e1089f015faa0a60b29dc86,7e62e511bb2b706ab03f3856add99c98ed4c3180384a1c9755bea3a9a163120f,c5e536361221d6cc36d7fba4254a2e8a0a560ac6eb7c00cc979a4ab70faa3ae5,972f73882045ed27f2c061c49cca4a02ef3d64021746714086aab3fed96a53a0,26ec4021e615be5b2de99a82ec665446527db2d9c9735806e245848c74a6af0b,7dc7b5946f9eff8c87c047ca0977852b934c007f3a0be290c6f891ca72f93459,b7eebab936f77b12200ee5455385b5afff70cb28f363ef578083c3d7fdf27ce3,0.003757173,0.082235989,0000
673,001a,0010,e3b0c44298fc1c149afbf4c8996fb92427ae41e4649b934ca495991b7852b855,3d1f2cc84d99811e600ec8fc33981f5a90af29f315891b122649f6b28b04705f,8fe3bf961cb39c567ef7f003a0d1c0070ce8f3a4de30bb87448c44250e27f9e8,c5e536361221d6cc36d7fba4254a2e8a0a560ac6eb7c00cc979a4ab70faa3ae5,972f73882045ed27f2c061c49cca4a02ef3d64021746714086aab3fed96a53a0,26ec4021e615be5b2de99a82ec665446527db2d9c9735806e245848c74a6af0b,780befe2d9ae5b9d0034aebc0caa02dbed4b40ff68bdb88cc8974167c86df6a6,fb9bb5b5f6cebe2cc9e7f87f2137da3d7cfcac41dda135dbda0e2b96e9e46c1f,0.003765557,0.082211033,0000
674,001a,0010,e3b0c44298fc1c149afbf4c8996fb92427ae41e4649b934ca495991b7852b855,61a5e38d80e21b85183fdc39379c9f41ad5449593f109402bc826d0cbdfb0561,6051195ee539c07535d541ec04522bf2406714bad871cd6b3b080ab7ddcb1322,c5e536361221d6cc36d7fba4254a2e8a0a560ac6eb7c00cc979a4ab70faa3ae5,972f73882045ed27f2c061c49cca4a02ef3d64021746714086aab3fed96a53a0,26ec4021e615be5b2de99a82ec665446527db2d9c9735806e245848c74a6af0b,24229836902d0f37c516aa650152252d1da19f6b4da8a854ce2812bf8ddf2df3,fbcb19568c21d9c7477158ceb1ab4d17875ea4d1349f21e3e3ed68774c360562,0.003789732,0.082191967,0000
675,001a,0010,e3b0c44298fc1c149afbf4c8996fb92427ae41e4649b934ca495991b7852b855,c1787260c236c85fdea84d2aba10eddf54751c2367ad9346deb0970411252826,55897f433244f02fa9db443d5afd36868cbe6c40b5c822f471218f8b7cc97535,c5e536361221d6cc36d7fba4254a2e8a0a560ac6eb7c00cc979a4ab70faa3ae5,972f73882045ed27f2c061c49cca4a02ef3d64021746714086aab3fed96a53a0,26ec4021e615be5b2de99a82ec665446527db2d9c9735806e245848c74a6af0b,efebc6f00c59d703c0fc6e50bd2c869f6d801d2fb1de62f6b1f1a12a926403d5,05e0796b6ed8a52edcde1642fa63b2e36c58af11d73503c847eebf0ff56f3ec5,0.003570442,0.082208509,0000
676,001a,0010,e3b0c44298fc1c149afbf4c8996fb92427ae41e4649b934ca495991b7852b855,6f932e8b3c4ff7fcb922133bbecc397377e8f298255c37cb8ae6977ceeafe82e,d724067a9e626b230d5f2dde3d05ac5ea5e331423fa5cfaa2af3f1176493aca5,c5e536361221d6cc36d7fba4254a2e8a0a560ac6eb7c00cc979a4ab70faa3ae5,972f73882045ed27f2c061c49cca4a02ef3d64021746714086aab3fed96a53a0,26ec4021e615be5b2de99a82ec665446527db2d9c9735806e245848c74a6af0b,6df69ce61956973d8e5517581ff030f56788df20aace4ab81f4b041760b8efb8,702f859d93ac106c0d41c87103c5d15e320a2ded9df8a13c4671c88e2f3a2077,0.003783664,0.082341394,0000
677,001a,0010,e3b0c44298fc1c149afbf4c8996fb92427ae41e4649b934ca495991b7852b855,7e5a82991332b49e992a1fed776ad2facdd3b4703e38a553fb0f754155984725,359b3bd3636b0561881eb233d48790585a789374507b99fd48fa6969a33ab006,c5e536361221d6cc36d7fba4254a2e8a0a560ac6eb7c00cc979a4ab70faa3ae5,972f73882045ed27f2c061c49cca4a02ef3d64021746714086aab3fed96a53a0,26ec4021e615be5b2de99a82ec665446527db2d9c9735806e245848c74a6af0b,930ef3b3936ec84f927eb48e49bd8fbd4f3eaa524155a4531548b9179dfb04ec,6917ccc850759a6ada173653eb66765548b61b690dd53b07f69260321c593ab8,0.003769072,0.082226733,0000
678,001a,0010,e3b0c44298fc1c149afbf4c8996fb92427ae41e4649b934ca495991b7852b855,2afa8516e4d40134e49a42727db79e704ae90ec07faf91989f546e7153f1486e,8406e5abc683fd5bfe1958e27380e321b1fc1e8888958190c57a6514fb9ec00a,c5e536361221d6cc36d7fba4254a2e8a0a560ac6eb7c00cc979a4ab70faa3ae5,972f73882045ed27f2c061c49cca4a02ef3d64021746714086aab3fed96a53a0,26ec4021e615be5b2de99a82ec665446527db2d9c9735806e245848c74a6af0b,f423b2c63c6885626e63ab8cba8cead5ac9d4120cfc651ffb52c8c04559fb3c1,318172ee9209b4c15ac672aa9ae3b467e28bc4707bec46820b1766d32b4e83ed,0.003757164,0.082217942,0000
679,001a,0010,e3b0c44298fc1c149afbf4c8996fb92427ae41e4649b934ca495991b7852b855,8f5767ae24025f3f94e6737abc2e4d4c5f9f5afb22ee0ef231d08cc02878b662,e9edc9ae0b7220d7a470a26f81a9a9f31db9217c9a9681294846df98c9e3db7f,c5e536361221d6cc36d7fba4254a2e8a0a560ac6eb7c00cc979a4ab70faa3ae5,972f73882045ed27f2c061c49cca4a02ef3d64021746714086aab3fed96a53a0,26ec4021e615be5b2de99a82ec665446527db2d9c9735806e245848c74a6af0b,faeb3047e9ee7c0e86bca92142c518584667af1823faeead63240c3de92b0f56,60b16ca99a539c19f3c6e2230e1d3ff90b3414d01689b75d26a806f7e8e0562d,0.003778519,0.082194993,0000
680,001a,0010,e3b0c44298fc1c149afbf4c8996fb92427ae41e4649b934ca495991b7852b855,3884397900747754ff860ae44842ec6336e601a71f1e999dd878bcae09f25992,422e3062b4d2f87b1a255329894e67f7818df336aaaa183b60db718e794704dd,c5e536361221d6cc36d7fba4254a2e8a0a560ac6eb7c00cc979a4ab70faa3ae5,972f73882045ed27f2c061c49cca4a02ef3d64021746714086aab3fed96a53a0,26ec4021e615be5b2de99a82ec665446527db2d9c9735806e245848c74a6af0b,2531f43b0d11a16019573a93a00773e9ba198932aafa4e4baac8be24e649cda4,15ceb993333cabd953bfdceef9ae91051e6b9496255821de5390190ddbcd2050,0.003767089,0.082214624,0000
681,001a,0010,e3b0c44298fc1c149afbf4c8996fb92427ae41e4649b934ca495991b7852b855,e8489f9ee09d70c79fd44c6c540bc0b015050182d4f348ee703da286ddb5e6a0,c24610cc6ab25c4a65299eaa338ba4bd8cc43bdaad966c5d3219b2d1059b3e52,c5e536361221d6cc36d7fba4254a2e8a0a560ac6eb7c00cc979a4ab70faa3ae5,972f73882045ed27f2c061c49cca4a02ef3d64021746714086aab3fed96a53a0,26ec4021e615be5b2de99a82ec665446527db2d9c9735806e245848c74a6af0b,01f97b5ec9d094f5bb77b769cf4824707ee259dbc494d00678c9c0e66d76c40e,81249fa681ec046ab525d71afef174538c52e3e535b5a60858f0707c75b88784,0.003800663,0.082170318,0000
682,001a,0010,e3b0c44298fc1c149afbf4c8996fb92427ae41e4649b934ca495991b7852b855,45ea27c3f6ed627a485c757eb7ff3aa76fbe0a2d0ec77e4ec99c95695eb78fea,0f64922f8b31625d78111030dd4c5cea54abd38284cefd82081888baef9bca9b,c5e536361221d6cc36d7fba4254a2e8a0a560ac6eb7c00cc979a4ab70faa3ae5,972f73882045ed27f2c061c49cca4a02ef3d64021746714086aab3fed96a53a0,26ec4021e615be5b2de99a82ec665446527db2d9c9735806e245848c74a6af0b,8033d9a6b8d70db0eefb4b5c7cbd4aeb8e26f919af0d72efe7c21c4d1aea7cee,6f82b73ccd60d733ef2e43edc561116d204542ee7ceb52c2da3922e0b2cda8fc,0.003788694,0.082194369,0000
683,001a,0010,e3b0c44298fc1c149afbf4c8996fb92427ae41e4649b934ca495991b7852b855,abdef7a03d522424308764ce82c5cecc813ef613f2f8e9c28216064cd4e226cf,7aa6e31c6a2ff23a3e61498e907db6a95223926ab0d7031fd3786c77759621df,c5e536361221d6cc36d7fba4254a2e8a0a560ac6eb7c00cc979a4ab70faa3ae5,972f73882045ed27f2c061c49cca4a02ef3d64021746714086aab3fed96a53a0,26ec4021e615be5b2de99a82ec665446527db2d9c9735806e245848c74a6af0b,264244707d19194ce55296bf2bec6f33e7195a9e9fe731a98431bdd4f418d7c2,ef5266c41eb2d8a0262c2c2f32378a2a7e746b5595fa40e14fe78a33b75f7b32,0.003775553,0.082197951,0000
684,001a,0010,e3b0c44298fc1c149afbf4c8996fb92427ae41e4649b934ca495991b7852b855,582830c6f3f184bcd78f5047c7fb5bd05175f3dd57bd600f328806e141b14017,9c7b25f378e4abbf4e64e3c950a7cc00a73925e6971e0030e58364ad20a3a11f,c5e536361221d6cc36d7fba4254a2e8a0a560ac6eb7c00cc979a4ab70faa3ae5,972f73882045ed27f2c061c49cca4a02ef3d64021746714086aab3fed96a53a0,26ec4021e615be5b2de99a82ec665446527db2d9c9735806e245848c74a6af0b,e10e924630b4dcd108ff787851f58381dcc69d5fdc8aba9c87dc400ed2bb70ae,7500b518fcd04cc8f548591b84301e5234e5c9f5dfcc997b607cbd753cc9e3ff,0.003778781,0.082201630,0000
685,001a,0010,e3b0c44298fc1c149afbf4c8996fb92427ae41e4649b934ca495991b7852b855,3854a25b09add91b3cfe84c2f66ca2906642726b2651e6b01d0ee6a2665a87f6,4b3a8bc243d7294258e5e25411dace129a2d86397b9a60a2255de58f9328f954,c5e536361221d6cc36d7fba4254a2e8a0a560ac6eb7c00cc979a4ab70faa3ae5,972f73882045ed27f2c061c49cca4a02ef3d64021746714086aab3fed96a53a0,26ec4021e615be5b2de99a82ec665446527db2d9c9735806e245848c74a6af0b,6cef17b0b74f00747874c037eb0288e708084abcdaf9aaedce8a561ddefb7dde,f89f0910974990285796e5545805b24128b41fd3ae5b0f3f41cb5ca8043de115,0.003717468,0.082235390,0000
686,001a,0010,e3b0c44298fc1c149afbf4c8996fb92427ae41e4649b934ca495991b7852b855,8c17f1f9806b28e2cdffef9d1cc3c292cbe965a666ab35c15987408f7b912eb0,d87644f4636836d85b793038609644264fecde718e8d7f9102ad82b2b37aceeb,c5e536361221d6cc36d7fba4254a2e8a0a560ac6eb7c00cc979a4ab70faa3ae5,972f73882045ed27f2c061c49cca4a02ef3d64021746714086aab3fed96a53a0,26ec4021e615be5b2de99a82ec665446527db2d9c9735806e245848c74a6af0b,7efd34c3371c685ab82c749b53e8363b2ec651da0b933ebdb431b614ff3a75ee,79c2adc208ffb76235b044c0ba7988783d8cf94e528f707d01a7908e5cf27d50,0.003772773,0.082220376,0000
687,001a,0010,e3b0c44298fc1c149afbf4c8996fb92427ae41e4649b934ca495991b7852b855,89872424005722ef3b5d0bc9565d4158af366762865275f4bcc6f7aee963a5c0,04e80933463183b415e2942df5de9770b3ce75cb2007e7f5a06e2fa85f2f3b45,c5e536361221d6cc36d7fba4254a2e8a0a560ac6eb7c00cc979a4ab70faa3ae5,972f73882045ed27f2c061c49cca4a02ef3d64021746714086aab3fed96a53a0,26ec4021e615be5b2de99a82ec665446527db2d9c9735806e245848c74a6af0b,e65e5da3a156521645b9d623587f80cc4264f341a2a8e4fa81a30a20bad81165,bbd012cd4fd77ac8ad65b5fc3387dd40b94acf3a4cfc1c172b10bad88bd65f5f,0.003798810,0.082187465,0000
688,001a,0010,e3b0c44298fc1c149afbf4c8996fb92427ae41e4649b934ca495991b7852b855,ff18629725e51249aa6c9641de58822a1702bc964a28ea01340d6e4df6c7b4b0,b9891490bc58eb199dbf4245ffeb68c73a79f1a703004e12950ec47145d5f7dc,c5e536361221d6cc36d7fba4254a2e8a0a560ac6eb7c00cc979a4ab70faa3ae5,972f73882045ed27f2c061c49cca4a02ef3d64021746714086aab3fed96a53a0,26ec4021e615be5b2de99a82ec665446527db2d9c9735806e245848c74a6af0b,1eb6716acb5bab3b9438a9658577d427c53ca8f92d3704a235c483c29532b743,c03d1b70fa6edfbf11b3f885da72a4fa3e6725307d1d063bbbc87e7ca0200a5b,0.003735986,0.082193971,0000
689,001a,0010,e3b0c44298fc1c149afbf4c8996fb92427ae41e4649b934ca495991b7852b855,265c632405b7910c159acf428ce4346fefb2a1500d67134d4cac0033ea05a199,8e1924f1dc27400aa347bf8b6bbba616fdbb453e1f78ab8d161024a8e987cc2c,c5e536361221d6cc36d7fba4254a2e8a0a560ac6eb7c00cc979a4ab70faa3ae5,972f73882045ed27f2c061c49cca4a02ef3d64021746714086aab3fed96a53a0,26ec4021e615be5b2de99a82ec665446527db2d9c9735806e245848c74a6af0b,cffee4633b9a0308a8daab11a8a73e0a976ec4595031a725dce13aa66d0d9c76,e2bf2b2b1dacdd1eea9225d5f9a155a7fe268e81512137fc2abd0687f4ac2796,0.003782192,0.082227060,0000
690,001a,0010,e3b0c44298fc1c149afbf4c8996fb92427ae41e4649b934ca495991b7852b855,a9468e5818bc98e62b1ae79ef89ea9170ccbeb028cbd1f579ff410abeef11081,c632c6b76e121e2c1b4df9532242b91cdeded155f75b13b3dc4ca9705a9b2e36,c5e536361221d6cc36d7fba4254a2e8a0a560ac6eb7c00cc979a4ab70faa3ae5,972f73882045ed27f2c061c49cca4a02ef3d64021746714086aab3fed96a53a0,26ec4021e615be5b2de99a82ec665446527db2d9c9735806e245848c74a6af0b,af0d2819de4f6d887a3e5dad3e310e22bb421421418129154dfa0f24b3e5df19,396d9344c0119e437246a0ead52066cbdb4c94d6b2490d947a3b5a562dadb1c8,0.003726407,0.082222412,0000
691,001a,0010,e3b0c44298fc1c149afbf4c8996fb92427ae41e4649b934ca495991b7852b855,cfb40d22966ae649b6b5999a430fc452929e53f80925a4ce0c969f7ba46fa9f0,7d5c73d283558f5a3f6930ae4b13bd71d49a4decaed38ab19f0dfd9c245f1748,c5e536361221d6cc36d7fba4254a2e8a0a560ac6eb7c00cc979a4ab70faa3ae5,972f73882045ed27f2c061c49cca4a02ef3d64021746714086aab3fed96a53a0,26ec4021e615be5b2de99a82ec665446527db2d9c9735806e245848c74a6af0b,6fa38471526325d3340901bc6d3a03110b2fa9fa04905936c555c029f8845f7f,102e9a615ac5dcccd92917959e62e91b3b78177ea658bd9a5f49ed9fc53819ba,0.003756015,0.082221541,0000
692,001a,0010,e3b0c44298fc1c149afbf4c8996fb92427ae41e4649b934ca495991b7852b855,bb1c9655ab372097739dfefa33fe5e7eeaf8acf2402542ccf23e95c7a5615646,223721005f30fcc7a6dfc585b10c3f07acc8f03606b93b9303f29271bf8b926c,c5e536361221d6cc36d7fba4254a2e8a0a560ac6eb7c00cc979a4ab70faa3ae5,972f73882045ed27f2c061c49cca4a02ef3d64021746714086aab3fed96a53a0,26ec4021e615be5b2de99a82ec665446527db2d9c9735806e245848c74a6af0b,7bc3c5b8ae2583c7c579ea25a1b0cdd8a1d65d2761ec8d4fa2c77d22ec8673e1,146a579bdbf9cf536c373315b09ea0324f1fd4876422b6642804230f2fcd6f41,0.003765466,0.082196864,0000
693,001a,0010,e3b0c44298fc1c149afbf4c8996fb92427ae41e4649b934ca495991b7852b855,d6dcde1080a637394c41a6824be72317dd848f0c06cfaf192bc62e2c2b2eb22f,dc0faeff003f99fff24450a4bc1899522efa748ae5a65e73dab25f43f9e684c1,c5e536361221d6cc36d7fba4254a2e8a0a560ac6eb7c00cc979a4ab70faa3ae5,972f73882045ed27f2c061c49cca4a02ef3d64021746714086aab3fed96a53a0,26ec4021e615be5b2de99a82ec665446527db2d9c9735806e245848c74a6af0b,2c08608a32971c99ca41e2b3006fc79b49c8021b7d093fbf0b6c70746261038f,5df66fcd4ea4250cc26570b1eac475c2eb2049640c926c4d659f4fba51e2b74d,0.003754761,0.082239527,0000
694,001a,0010,e3b0c44298fc1c149afbf4c8996fb92427ae41e4649b934ca495991b7852b855,b7761312372294451f6777e657ccbfa4c1d48441b9839889cddc6918a0cf8dee,7e985d2ce6ed433d83465f5cce8ad5eb3537891d32dcf8166c75c89ffad1ccc2,c5e536361221d6cc36d7fba4254a2e8a0a560ac6eb7c00cc979a4ab70faa3ae5,972f73882045ed27f2c061c49cca4a02ef3d64021746714086aab3fed96a53a0,26ec4021e615be5b2de99a82ec665446527db2d9c9735806e245848c74a6af0b,c5057462b0a04822b2ffdccfd6eee48c32a3ed0ed8996152f49c465d3577810a,4d9ccce6cd768d2d39be567a7735241a193c77a3a127a549730fef68ae14fd36,0.003783505,0.082199202,0000
695,001a,0010,e3b0c44298fc1c149afbf4c8996fb92427ae41e4649b934ca495991b7852b855,0e530240ed959574655b9d8227c07fe8bda954404717b225687fb492afbffc3a,791ab98bd0dbe221c0f9ce60c72d52cca7e3ce4f604005886b50f019cde6e2d1,c5e536361221d6cc36d7fba4254a2e8a0a560ac6eb7c00cc979a4ab70faa3ae5,972f73882045ed27f2c061c49cca4a02ef3d64021746714086aab3fed96a53a0,26ec4021e615be5b2de99a82ec665446527db2d9c9735806e245848c74a6af0b,f409a67fce38fda02e0c09f5399e73fc7f34e3b4df283f15dcf5a795a3124000,3d949385fcd8d3134f01eb19e9db5556c25e137cd835fe5a559feda63c847364,0.003767183,0.082204934,0000
696,001a,0010,e3b0c44298fc1c149afbf4c8996fb92427ae41e4649b934ca495991b7852b855,1273ac2d085db3ea01e01c3358a71d12b54ff18e076297e4d707ad9bc4487437,4165562eb2d64a58e6a1117d9983aedcf0a6990d542818708224f064e30dcd43,c5e536361221d6cc36d7fba4254a2e8a0a560ac6eb7c00cc979a4ab70faa3ae5,972f73882045ed27f2c061c49cca4a02ef3d64021746714086aab3fed96a53a0,26ec4021e615be5b2de99a82ec665446527db2d9c9735806e245848c74a6af0b,688719d111011abff438dde3939f82bb355626138cee41821d1b9bb657d4ee1a,4ca4ca3cbf4f0f91c8d699161af648ad0f8c57fd0a37e16e8328ef17df95a985,0.003756110,0.082190332,0000
697,001a,0010,e3b0c44298fc1c149afbf4c8996fb92427ae41e4649b934ca495991b7852b855,ff286bf2ddb152d9fc7248204b7e488e1b9c6c4dec7cdcc02450831c339e54ec,a0193410b6afbb8e4714212831587a37212abc7a76d8205c85f04be0f9c34cbe,c5e536361221d6cc36d7fba4254a2e8a0a560ac6eb7c00cc979a4ab70faa3ae5,972f73882045ed27f2c061c49cca4a02ef3d64021746714086aab3fed96a53a0,26ec4021e615be5b2de99a82ec665446527db2d9c9735806e245848c74a6af0b,757cd25f784e95d40a0f3b328717334c4e578d9f698b13bc7e8d2d53a1d7fa8b,d1caaed14baa7f4b8d94ca7139658af000a6ee7ba42cceb5c9db9134d59deae0,0.003577918,0.082232297,0000
698,001a,0010,e3b0c44298fc1c149afbf4c8996fb92427ae41e4649b934ca495991b7852b855,20b9c36dcb44bbec6062bcc7507088b33f6b9ad5d082e3c40768c1768baf1acf,f2a671c9651da61a37505b947e381398113fd6a335bc3ee08bd9bd208b7ff632,c5e536361221d6cc36d7fba4254a2e8a0a560ac6eb7c00cc979a4ab70faa3ae5,972f73882045ed27f2c061c49cca4a02ef3d64021746714086aab3fed96a53a0,26ec4021e615be5b2de99a82ec665446527db2d9c9735806e245848c74a6af0b,847a236e9bc3d7f7c691cb75fcb7a70e71c9271906a84eb56766723a794698bc,90c9232ad13afbc89a8dbcc42d2827bcd342d9dc56961ee89c5e64c2307d6beb,0.003775574,0.082382456,0000
699,001a,0010,e3b0c44298fc1c149afbf4c8996fb92427ae41e4649b934ca495991b7852b855,8a5004cfd9f726ac7a5e354aa2519749e82b448b491ecc03cf4f66de160d7a6e,754843a81a30c886c9237ea3f5a87553495f66abb9a3d612dabce2468034039e,c5e536361221d6cc36d7fba4254a2e8a0a560ac6eb7c00cc979a4ab70faa3ae5,972f73882045ed27f2c061c49cca4a02ef3d64021746714086aab3fed96a53a0,26ec4021e615be5b2de99a82ec665446527db2d9c9735806e245848c74a6af0b,f70f35994b3d1954d3e12e19c257fe68c99d8b44726e8c6befa9f096901a9898,2186ca0186ebb32496dee1ff5b3a966c52606fa66d062c0e0e5a726b0d8f00fe,0.003781355,0.082207179,0000
700,001a,0010,e3b0c44298fc1c149afbf4c8996fb92427ae41e4649b934ca495991b7852b855,8d1cc0e43504a4e9f3327c318ecbcb49056825fc3869cf3e5f451449e61e8bf4,1b8269128da8ed7387109c6a6bb37ebe5951b8edb96c9e41f829ef70c6c4d4b3,c5e536361221d6cc36d7fba4254a2e8a0a560ac6eb7c00cc979a4ab70faa3ae5,972f73882045ed27f2c061c49cca4a02ef3d64021746714086aab3fed96a53a0,26ec4021e615be5b2de99a82ec665446527db2d9c9735806e245848c74a6af0b,496395ab6ca2471a889e68d97b4bc9047ab1a3060e1844db7895fc9b8131aa54,d38ff6f286283d73a6ed673d4f39a69fb044ccd4f40c71823990d25d6a7f3e02,0.003802087,0.082176164,0000
701,001a,0010,e3b0c44298fc1c149afbf4c8996fb92427ae41e4649b934ca495991b7852b855,3aa4a73685b87bae235abfd50c1ba97d788f803acee6211633da97d8db42d29e,783199abe413324daa2a79791eb3de77dd0f2bce175601edf0c10b14ba386a62,c5e536361221d6cc36d7fba4254a2e8a0a560ac6eb7c00cc979a4ab70faa3ae5,972f73882045ed27f2c061c49cca4a02ef3d64021746714086aab3fed96a53a0,26ec4021e615be5b2de99a82ec665446527db2d9c9735806e245848c74a6af0b,30929a056df3823ed06d8ee8caedc517c714b501753adacfd5ab897491248018,e033ffa60d710a22f8836b17cd89fecba17acfda2cabfd279ebba1615b77e05b,0.003764556,0.082186302,0000
702,001a,0010,e3b0c44298fc1c149afbf4c8996fb92427ae41e4649b934ca495991b7852b855,3b82986028cba3303320b80337811ecfc6d1127fce0475fdc4160ee588e718ce,e078f094549e5725af094c7c2c01a3d11e9b179edb3bf063cc0ac36d19f84ec8,c5e536361221d6cc36d7fba4254a2e8a0a560ac6eb7c00cc979a4ab70faa3ae5,972f73882045ed27f2c061c49cca4a02ef3d64021746714086aab3fed96a53a0,26ec4021e615be5b2de99a82ec665446527db2d9c9735806e245848c74a6af0b,94f644fb75c15ba4ab79fa5aa647b1169f19a768d9f9529f0ba6a472c9d997fa,f359b097eb408d06bbd0a29f2e25388e78e4c39ce95c08290beba52e4d6b2cb6,0.003793905,0.082205567,0000
703,001a,0010,e3b0c44298fc1c149afbf4c8996fb92427ae41e4649b934ca495991b7852b855,41959ca4dc567c8cb67566acd4000e69d308114a28b6eb84d60b555f72cd29c5,3b13e2fced9ac2a866699d0d9a52460a0ad25eea4bd48b49b601db5cc0b04cdf,c5e536361221d6cc36d7fba4254a2e8a0a560ac6eb7c00cc979a4ab70faa3ae5,972f73882045ed27f2c061c49cca4a02ef3d64021746714086aab3fed96a53a0,26ec4021e615be5b2de99a82ec665446527db2d9c9735806e245848c74a6af0b,24efaa9dafe3812c806d710bb82efdeb6c1ce11022a8a6b7097b65bdc66c3125,084a336c0117366b7835ffa7b231fc6cc0caa4f7d1b6fb5fc1d089553d8efcdc,0.003793777,0.082244037,0000
704,001a,0010,e3b0c44298fc1c149afbf4c8996fb92427ae41e4649b934ca495991b7852b855,f498a3116bf57ce951be84fcce4a8a870b3e7b70400729c4132fc9900664de44,e6f55ff5af15e9be994e215ee1bdd9c800ffac3c034a835a81229c1b96f94cd5,c5e536361221d6cc36d7fba4254a2e8a0a560ac6eb7c00cc979a4ab70faa3ae5,972f73882045ed27f2c061c49cca4a02ef3d64021746714086aab3fed96a53a0,26ec4021e615be5b2de99a82ec665446527db2d9c9735806e245848c74a6af0b,dbc566d1ef1ee6c9d1848d62561d5c033b0b0faed808914730c5a225c9ba8214,e843549243186b4a4e1c94860e4404baf0428f780f5ad53fb2f37d5c225930cb,0.003811338,0.082149517,0000
705,001a,0010,e3b0c44298fc1c149afbf4c8996fb92427ae41e4649b934ca495991b7852b855,252ab096a1e9a83c78d77b2364b4ae5fd438cd4b05e4c5c954eb429829ebdcb5,b35982c07628578181dfb7cbe6dd1d831c0df917d0107d786a79d4862fc3712d,c5e536361221d6cc36d7fba4254a2e8a0a560ac6eb7c00cc979a4ab70faa3ae5,972f73882045ed27f2c061c49cca4a02ef3d64021746714086aab3fed96a53a0,26ec4021e615be5b2de99a82ec665446527db2d9c9735806e245848c74a6af0b,8a2325d785129c41e00a7952c6b2be28f8914f855df5e5a77653985bc59c4a07,e16f6e23bca2288bcd3a8d13cd03925cbc597e558b05361c313846172e81288e,0.003793114,0.082137000,0000
706,001a,0010,e3b0c44298fc1c149afbf4c8996fb92427ae41e4649b934ca495991b7852b855,9744a63d0b43fbad8082ee7b1f224d6bda953a34a181ecf5933140f2dc9fde1c,4422bf19cacf03ebee8777ae66e9ec2fcc372a811a62d381a70f83eb2fe4c1a0,c5e536361221d6cc36d7fba4254a2e8a0a560ac6eb7c00cc979a4ab70faa3ae5,972f73882045ed27f2c061c49cca4a02ef3d64021746714086aab3fed96a53a0,26ec4021e615be5b2de99a82ec665446527db2d9c9735806e245848c74a6af0b,6c134fb1ca7bdd1b64f2b3382877d86a718a365a44d752e5336277db2e2507d1,59e0df8db101f7c88656e9b876e19c4dc93af2c7461a3de69301af1174c08257,0.003773337,0.082187656,0000
707,001a,0010,e3b0c44298fc1c149afbf4c8996fb92427ae41e4649b934ca495991b7852b855,3bde0fe4e3a44df7dc28528036e27910765be462d573aab2cacbcd83bf07b1a0,9732046595692d259b82ced1e12b10d35194800aef0fb75cc6e11aac6aaec974,c5e536361221d6cc36d7fba4254a2e8a0a560ac6eb7c00cc979a4ab70faa3ae5,972f73882045ed27f2c061c49cca4a02ef3d64021746714086aab3fed96a53a0,26ec4021e615be5b2de99a82ec665446527db2d9c9735806e245848c74a6af0b,5e7eed69d93676c65bc4d813d6cf126f779f927655d4f7c192bf5c1df27ea0d7,7b23451d01f10c0c02a1b5fefddda4bcd1ea1fd39f688df8a43c0e4ab0a053eb,0.003805469,0.082179385,0000
708,001a,0010,e3b0c44298fc1c149afbf4c8996fb92427ae41e4649b934ca495991b7852b855,97d5cf85377905d9ab9435cc89bae062161e1fbb2f6c2beb96626ca6db0a95fb,d5eed0d4f7be08d9d62a2ec04d5ea42758891a8899c4d34ba524ac558c212838,c5e536361221d6cc36d7fba4254a2e8a0a560ac6eb7c00cc979a4ab70faa3ae5,972f73882045ed27f2c061c49cca4a02ef3d64021746714086aab3fed96a53a0,26ec4021e615be5b2de99a82ec665446527db2d9c9735806e245848c74a6af0b,96ebf918b83ccb491001242eeba531d0a1a97184b3f784ddd083328ed47644ac,55968f6b0a27a3ec1f78e4c7cd1ee838fb80038cedd14a508870c4f932946a69,0.003771181,0.082197160,0000
709,001a,0010,e3b0c44298fc1c149afbf4c8996fb92427ae41e4649b934ca495991b7852b855,837147f6c8d319631d6c51830e61d61dac2ee055e314aa59faea069b87d5dd1e,2b437505a3220465f76004e34aea60a34fbbe59eb9b45083afc453efbe644c38,c5e536361221d6cc36d7fba4254a2e8a0a560ac6eb7c00cc979a4ab70faa3ae5,972f73882045ed27f2c061c49cca4a02ef3d64021746714086aab3fed96a53a0,26ec4021e615be5b2de99a82ec665446527db2d9c9735806e245848c74a6af0b,1af801b7a8e78aa2c564c338645910713db46445cae0ca5692219c03cad9a058,f5f123932eff668bc6073ca22b5980c67a3cd1c93ea24c06743cd46555700b83,0.003751700,0.082203723,0000
710,001a,0010,e3b0c44298fc1c149afbf4c8996fb92427ae41e4649b934ca495991b7852b855,8d5d902ffa6ba14e14d2bff47723534640662676c52c23668e51e0db17a44d42,1de7bb3d502fa816e8e4ea5da7c495f1dea69d3f287f14fdb2fbdb1d973a2a3c,c5e536361221d6cc36d7fba4254a2e8a0a560ac6eb7c00cc979a4ab70faa3ae5,972f73882045ed27f2c061c49cca4a02ef3d64021746714086aab3fed96a53a0,26ec4021e615be5b2de99a82ec665446527db2d9c9735806e245848c74a6af0b,7de44d8e827aec600d37ccc4e057a54ffc62b4b43b65310338e3e30a40c01404,330db7e6bfad7f9d03d2238ae4f5ae2c51c5495405ef88685ed6d461fb562eaa,0.003789847,0.082208936,0000
711,001a,0010,e3b0c44298fc1c149afbf4c8996fb92427ae41e4649b934ca495991b7852b855,1f4fb2c4afa305360bec256ef7b89351055180ed277e02d32e9346321dddccea,9606002491c2a3de680f65d0159fac46fd732dea54924183c1074712a1e7cab7,c5e536361221d6cc36d7fba4254a2e8a0a560ac6eb7c00cc979a4ab70faa3ae5,972f73882045ed27f2c061c49cca4a02ef3d64021746714086aab3fed96a53a0,26ec4021e615be5b2de99a82ec665446527db2d9c9735806e245848c74a6af0b,64008aeb139870cff883907c51a4cb3b6b3843a3184f1ae309309f054f323b4a,2af48544c45f2c4bf7e93c6c62552b27d7381617b590f2cecab93736355b84e9,0.003800751,0.082231276,0000
712,001a,0010,e3b0c44298fc1c149afbf4c8996fb92427ae41e4649b934ca495991b7852b855,ca88aab51996e24095309ff95244d004dae9800d9d1a92974edf65d0e581d9be,8906dd4221d1a4448313c0fe3a806a326f286f572948f84bac582e560299afe0,c5e536361221d6cc36d7fba4254a2e8a0a560ac6eb7c00cc979a4ab70faa3ae5,972f73882045ed27f2c061c49cca4a02ef3d64021746714086aab3fed96a53a0,26ec4021e615be5b2de99a82ec665446527db2d9c9735806e245848c74a6af0b,18bfe67f1a298af8105658e1dfbe54d67ce705fffd45206ac28189cc2be625da,545c935ab5a5247ea562b3f2cf15a69dca0077018aa7c2f005bf1a857097030a,0.003815977,0.082113057,0000
713,001a,0010,e3b0c44298fc1c149afbf4c8996fb92427ae41e4649b934ca495991b7852b855,f002465fa415f99d5a490d26f6bd4d177a2ef2e33b7738b8ad7148e4ceb1295e,f511414a164b25c4fa301316a1dc6a5f0574264b84ec6a0bf0721c7fc75b71d6,c5e536361221d6cc36d7fba4254a2e8a0a560ac6eb7c00cc979a4ab70faa3ae5,972f73882045ed27f2c061c49cca4a02ef3d64021746714086aab3fed96a53a0,26ec4021e615be5b2de99a82ec665446527db2d9c9735806e245848c74a6af0b,6f3dbfd5c86a7c6b36224b3c7fd9b26f13b63a682c32798a4f3f84081e6a06e9,e987fa7794524c993032a7723408f642437bd30e675515f13b2ff819590e73be,0.003737200,0.082172357,0000
714,001a,0010,e3b0c44298fc1c149afbf4c8996fb92427ae41e4649b934ca495991b7852b855,35e091a1b8aa613d6f1ae73c512236234d7df42f8a90abd720d5fc2645aeeeca,f1b642c9625f6ed57ef38c88b1496a134394705ea3e2cb69904e0ad320bc492f,c5e536361221d6cc36d7fba4254a2e8a0a560ac6eb7c00cc979a4ab70faa3ae5,972f73882045ed27f2c061c49cca4a02ef3d64021746714086aab3fed96a53a0,26ec4021e615be5b2de99a82ec665446527db2d9c9735806e245848c74a6af0b,82ef5e5732138a79c1697752dce021166883316552d6d29a3947eb3fbd76df63,250b17b8c2852b3dfe8f5efe7f4fcc288463b323f9315445bc46ea2b773a8b8d,0.003746270,0.082251951,0000
715,001a,0010,e3b0c44298fc1c149afbf4c8996fb92427ae41e4649b934ca495991b7852b855,581c42d6017cdbec02ce4d0d3e953fb23ceaf9627508e68e3f1ecf180445ec63,9f2c4f605effd06d63680ef944c360ffd06d8cec69b1208a590b183c674af958,c5e536361221d6cc36d7fba4254a2e8a0a560ac6eb7c00cc979a4ab70faa3ae5,972f73882045ed27f2c061c49cca4a02ef3d64021746714086aab3fed96a53a0,26ec4021e615be5b2de99a82ec665446527db2d9c9735806e245848c74a6af0b,0ac1e871ed480a615e0288cf28c30d057ce346e32a427265e80f9b26ae0a3c19,17720f389f18d009712a405d0b23308dc452b7a912cd7194dc0de545ee05d7d8,0.003768681,0.082222114,0000
716,001a,0010,e3b0c44298fc1c149afbf4c8996fb92427ae41e4649b934ca495991b7852b855,73f897001f6ec153a1d406fa243eb4be7b19d2f7f33d95b5edfb1244004c08e5,1dc88ac81855d9a0188082b854846cfccd9d107482e5d23b94fde145c8d11d3d,c5e536361221d6cc36d7fba4254a2e8a0a560ac6eb7c00cc979a4ab70faa3ae5,972f73882045ed27f2c061c49cca4a02ef3d64021746714086aab3fed96a53a0,26ec4021e615be5b2de99a82ec665446527db2d9c9735806e245848c74a6af0b,146d6dda8650950bdd6f1543855594c6fa44abcf371406a215ed601c1f885e3d,b176ddf63ca77f3b88ff52da474960e17a56af595dfe4f98dad6bccca91a6a19,0.003777599,0.082214233,0000
717,001a,0010,e3b0c44298fc1c149afbf4c8996fb92427ae41e4649b934ca495991b7852b855,75151ce2676a1bc6c631b297f04a59ac2b0e4112dbbd0c9d1d63add50a75f422,4b01fe5d38142253925d442607dbe7518195c395396605990152617d3b5d215c,c5e536361221d6cc36d7fba4254a2e8a0a560ac6eb7c00cc979a4ab70faa3ae5,972f73882045ed27f2c061c49cca4a02ef3d64021746714086aab3fed96a53a0,26ec4021e615be5b2de99a82ec665446527db2d9c9735806e245848c74a6af0b,4e0696cde7c60172257ba9dc5ee6b359d3c40589b6435636ece1f0ead8ef2ac7,d1eb9e155fd8e9518e5ab659bd8e4ee0d7b6041bb2a04869c457c49fe7785434,0.003804652,0.082224707,0000
718,001a,0010,e3b0c44298fc1c149afbf4c8996fb92427ae41e4649b934ca495991b7852b855,7296bafc78847b4aca62cde2c23ded24080549861c65ab9b7964cf5deabc8c9e,e95f7d972a86be1649f12c38f4bbfbce3c52f9291012a70a43b23814f3370049,c5e536361221d6cc36d7fba4254a2e8a0a560ac6eb7c00cc979a4ab70faa3ae5,972f73882045ed27f2c061c49cca4a02ef3d64021746714086aab3fed96a53a0,26ec4021e615be5b2de99a82ec665446527db2d9c9735806e245848c74a6af0b,7237d103946711bafaf064c216b656ac1f0e0d67e58decc9f47f2a50be5d1aee,ba036a9631ac365a138fff9e41938bae4be194be8873979057c69d868fafbc4e,0.003796153,0.082129470,0000
719,001a,0010,e3b0c44298fc1c149afbf4c8996fb92427ae41e4649b934ca495991b7852b855,912e49de5b08755802eeff860f992980b96caf02ac9dd1b53a7cbbf47fb5af11,80597942d220599074639029ab11db1919e83e34b55266671df5c3de437b73c2,c5e536361221d6cc36d7fba4254a2e8a0a560ac6eb7c00cc979a4ab70faa3ae5,972f73882045ed27f2c061c49cca4a02ef3d64021746714086aab3fed96a53a0,26ec4021e615be5b2de99a82ec665446527db2d9c9735806e245848c74a6af0b,d98abb11e686f9ddc9571e427dba70a2fb624afdfcb22d071cebe2f2dcd6f024,05e614a8fd39f81db9b9a908e2beaf541fa7dbbe7bd365440a7d550954fadf73,0.003775351,0.082202392,0000
720,001a,0010,e3b0c44298fc1c149afbf4c8996fb92427ae41e4649b934ca495991b7852b855,3b12a0043a58465c580b88032d4f9e3aa64919f48f58cf11638cf46f667ef9e1,e295fce005457622ba79dac433204f9c184970083acb6fedfa4710decf9333de,c5e536361221d6cc36d7fba4254a2e8a0a560ac6eb7c00cc979a4ab70faa3ae5,972f73882045ed27f2c061c49cca4a02ef3d64021746714086aab3fed96a53a0,26ec4021e615be5b2de99a82ec665446527db2d9c9735806e245848c74a6af0b,65c1e6ab56a36bf2a59a9eaacf31092b23b9fb4504a00752b5f4ee7727d50801,ab13964c1ec29bc5a64f97c8b5c464fda75bedc601f27dcd03ed0dc518a3d02a,0.003794582,0.082166417,0000
721,001a,0010,e3b0c44298fc1c149afbf4c8996fb92427ae41e4649b934ca495991b7852b855,ec6843bbf2df0a54fa85477f795e38fc5b1fc519f536098309f1b748579a1e14,522176348d75137a1cc83cd24e3e0f4c8d74f259ae259d5d5c4a74979b2a91df,c5e536361221d6cc36d7fba4254a2e8a0a560ac6eb7c00cc979a4ab70faa3ae5,972f73882045ed27f2c061c49cca4a02ef3d64021746714086aab3fed96a53a0,26ec4021e615be5b2de99a82ec665446527db2d9c9735806e245848c74a6af0b,355295e7b2b15df9c4a02a1f737698b1b9389f23d7d009a1d555add3eff95386,8b1e3b581ae5e6c2a20071ba036aaf4a7795b07665817c1523e4798f485f0505,0.003780474,0.082264193,0000
722,001a,0010,e3b0c44298fc1c149afbf4c8996fb92427ae41e4649b934ca495991b7852b855,9fd3b6d7a0f501bc4a0f94c48d99d3c7c4ec483e797beaa10d8c9a43ffd0b03b,c5455654fc73f36a0173608b29d4b78d09438a7b6b61fc2e02412f238b52ea53,c5e536361221d6cc36d7fba4254a2e8a0a560ac6eb7c00cc979a4ab70faa3ae5,972f73882045ed27f2c061c49cca4a02ef3d64021746714086aab3fed96a53a0,26ec4021e615be5b2de99a82ec665446527db2d9c9735806e245848c74a6af0b,689d127b52ee3879d06749f93cc5055834a67179b9138f059d36bbf763ebc7e2,a2de4216e84baefcc1c0c2ad5ab256a9164a4bfb4d49fa1f2946731b37c8a82a,0.003764448,0.082135986,0000
723,001a,0010,e3b0c44298fc1c149afbf4c8996fb92427ae41e4649b934ca495991b7852b855,c5a06794f6b2ac042e97abc23d6f2a58d820cd713e0f01a423776be8ba6546f1,285fbff360b33ad5d8e982090bb36ce62e1eddfb2db7c885a405006ec6a295a6,c5e536361221d6cc36d7fba4254a2e8a0a560ac6eb7c00cc979a4ab70faa3ae5,972f73882045ed27f2c061c49cca4a02ef3d64021746714086aab3fed96a53a0,26ec4021e615be5b2de99a82ec665446527db2d9c9735806e245848c74a6af0b,02bb1a4f0a6a1443f4e68de50f2c738b0238b05baeb07088c8a883e88ed5ea93,13ff1b59cb69be1f5f1cdc58667a407b846023994d4a997eeedb20c0c26bf2a8,0.003790711,0.082212546,0000
724,001a,0010,e3b0c44298fc1c149afbf4c8996fb92427ae41e4649b934ca495991b7852b855,1dc363687e9e0d6e0545356429626cd0aadcbb50d3076713530c80f3a275be30,59206d27f3cd511c9ed228e2e18755fa4029af0b62682d4f271a1081c70053ef,c5e536361221d6cc36d7fba4254a2e8a0a560ac6eb7c00cc979a4ab70faa3ae5,972f73882045ed27f2c061c49cca4a02ef3d64021746714086aab3fed96a53a0,26ec4021e615be5b2de99a82ec665446527db2d9c9735806e245848c74a6af0b,3166f36e4d206de06360d3b852daab5bf9b7bd0654595c0ce5d4952a254087ec,f97830157703a4d1bf16f0a9292f1b4f0611bb083265947cb2ca9ac4ac7bd62e,0.003775092,0.082186090,0000
725,001a,0010,e3b0c44298fc1c149afbf4c8996fb92427ae41e4649b934ca495991b7852b855,faaa687fb013a2b418326cabea852f2561ff589aa48a0ed070e35cb93feb8a99,3053685bd7c2508cdac45c9a8211148568439991e549e8db5679c86b5bbb3eb8,c5e536361221d6cc36d7fba4254a2e8a0a560ac6eb7c00cc979a4ab70faa3ae5,972f73882045ed27f2c061c49cca4a02ef3d64021746714086aab3fed96a53a0,26ec4021e615be5b2de99a82ec665446527db2d9c9735806e245848c74a6af0b,5d5810e6a2a2f9682fa4b5dd095fb015aa91b43dd94f96e5b83b8cd1916a8e61,0181efaf57752fc30064fb0703adc9521dc2df78f56cdaaad7e0695047e355db,0.003848997,0.082158925,0000
726,001a,0010,e3b0c44298fc1c149afbf4c8996fb92427ae41e4649b934ca495991b7852b855,aef3cb62f10b0af43e48599805a36691c30969340c98caf02b307bb40b6c1448,93ff963c9a6ba646f0047293648795120b3bef9137fae0dba09c2a653f033f36,c5e536361221d6cc36d7fba4254a2e8a0a560ac6eb7c00cc979a4ab70faa3ae5,972f73882045ed27f2c061c49cca4a02ef3d64021746714086aab3fed96a53a0,26ec4021e615be5b2de99a82ec665446527db2d9c9735806e245848c74a6af0b,2d185a3fc70cb11d19a8dcde4e1e24ebdda973d8f209d2741afd6bc4029a5e95,3bfa2cf52440528f34e905e734a466627226af180b9068fa61575efe4b018ed9,0.003787419,0.082134863,0000
727,001a,0010,e3b0c44298fc1c149afbf4c8996fb92427ae41e4649b934ca495991b7852b855,a33ed47843f391233bb44da7a859becb8578833624ad4c40adf3894576761f4e,53a68b9076086921f4747a5d957aa7acbfbc68e41519e57edb389405a75b4a14,c5e536361221d6cc36d7fba4254a2e8a0a560ac6eb7c00cc979a4ab70faa3ae5,972f73882045ed27f2c061c49cca4a02ef3d64021746714086aab3fed96a53a0,26ec4021e615be5b2de99a82ec665446527db2d9c9735806e245848c74a6af0b,29979c0d74065479b5bcfb93a45e800bd20aa921e8d8b2a468e2842d75d8787f,a9ac0609ac976e7bd1bff64ec719f49b4d82437b498059923ba43ed36b39e16c,0.003767633,0.082223467,0000
728,001a,0010,e3b0c44298fc1c149afbf4c8996fb92427ae41e4649b934ca495991b7852b855,8dc1a0fbb6accfc42b88e8bf2f5f11cd23a3df5a48dcee6bdcdddffb95ed819d,c23792a209a69643fa35f9de93f8ecfe9fa9bc544dacd19788857e22a5e2766d,c5e536361221d6cc36d7fba4254a2e8a0a560ac6eb7c00cc979a4ab70faa3ae5,972f73882045ed27f2c061c49cca4a02ef3d64021746714086aab3fed96a53a0,26ec4021e615be5b2de99a82ec665446527db2d9c9735806e245848c74a6af0b,782bd55cb0b8b5284f00943d805d8b31be794e02e8f346844f42ddc2b88f8315,cd6b5162124b032deeb96bf9e4abf073eb8967a52cdd68a48dd0dbc8958bac10,0.003800043,0.082177988,0000
729,001a,0010,e3b0c44298fc1c149afbf4c8996fb92427ae41e4649b934ca495991b7852b855,b8862e1716b0b2956521180059f902d1cd9d7cca2dc9891c7fc1afc7d6d84002,0a20b06699fcb27b1ea4d997a4bc01f222dd6316bd328027954204639c51b09b,c5e536361221d6cc36d7fba4254a2e8a0a560ac6eb7c00cc979a4ab70faa3ae5,972f73882045ed27f2c061c49cca4a02ef3d64021746714086aab3fed96a53a0,26ec4021e615be5b2de99a82ec665446527db2d9c9735806e245848c74a6af0b,f372ba53f8d7a3ee1a0943ec7389346309161983c63bdc551278885a3fbd27ea,f6275f00f495c7cd044145ad63cb330d2872bbd0435d28f43ab63121b2c0adbc,0.003720378,0.082231108,0000
730,001a,0010,e3b0c44298fc1c149afbf4c8996fb92427ae41e4649b934ca495991b7852b855,a9a761ee4c3148c9a157abf85feec5b6261f0ae1caa111a29fcdf366daff6f9d,7a44cf5e2818c3ac6d43a8e0300d79a2bf7ffb079207aa2871cee3e28381b529,c5e536361221d6cc36d7fba4254a2e8a0a560ac6eb7c00cc979a4ab70faa3ae5,972f73882045ed27f2c061c49cca4a02ef3d64021746714086aab3fed96a53a0,26ec4021e615be5b2de99a82ec665446527db2d9c9735806e245848c74a6af0b,7c594cb9aa05c84c406e13b2cc31c9d8c5965327e541a140c80bc7db2ff489f8,5618b80d4a7ee6dbf823b8dbe12e041ef113ab869780d8b38e75fbdba7c105c6,0.003764802,0.082206970,0000
731,001a,0010,e3b0c44298fc1c149afbf4c8996fb92427ae41e4649b934ca495991b7852b855,1e2f93f6df37aa9a5d2040714a60500dda78b062cec1973aa9f4efb551b0760a,407747c924e0f7580761df43ff7d19798f18e7fad34d4f327642cd2bd59664d2,c5e536361221d6cc36d7fba4254a2e8a0a560ac6eb7c00cc979a4ab70faa3ae5,972f73882045ed27f2c061c49cca4a02ef3d64021746714086aab3fed96a53a0,26ec4021e615be5b2de99a82ec665446527db2d9c9735806e245848c74a6af0b,0e8d0270b59fa1825d4e5b575c4a59ace791ad2efb1675d402fa9fc5cd3cd825,a2640c6ca01744e83bad663c0efc8911fe3024698b9a28e0bc55171fb8e464a5,0.003748720,0.082210062,0000
732,001a,0010,e3b0c44298fc1c149afbf4c8996fb92427ae41e4649b934ca495991b7852b855,4d570bfea26d73038e0965cf4cb424c078cc9a41f2c366a2fd16b905a82ea87c,19bc6c31ae0f80db0012106af0eb67f4a6588aa32c11216cdac7e8ebdd5433da,c5e536361221d6cc36d7fba4254a2e8a0a560ac6eb7c00cc979a4ab70faa3ae5,972f73882045ed27f2c061c49cca4a02ef3d64021746714086aab3fed96a53a0,26ec4021e615be5b2de99a82ec665446527db2d9c9735806e245848c74a6af0b,fde30f566704c3a270bd7acb28f325e6d0e4608906706d9dc3011905e38099dd,aa4bdddade677082e57fd96451cefcb454de677891504ab7e27f1b5613d21a0c,0.003802587,0.082238071,0000
733,001a,0010,e3b0c44298fc1c149afbf4c8996fb92427ae41e4649b934ca495991b7852b855,b6e5b446d4b941312f7865451c90c1a651a1e9012a8ca44a3df8ba05992d84a0,908eb2dbbd28b75df7c78032f20825ad4feec538d563950015fbbbffa5227912,c5e536361221d6cc36d7fba4254a2e8a0a560ac6eb7c00cc979a4ab70faa3ae5,972f73882045ed27f2c061c49cca4a02ef3d64021746714086aab3fed96a53a0,26ec4021e615be5b2de99a82ec665446527db2d9c9735806e245848c74a6af0b,0e1a0298f2e5c2bf1461df667a49e3c1401880ecb1a063f4bbb366fccd32f668,903331881fd89e58a9e5379e7f5b70c540d76a0b75731baccd20d8bb7f3d1bd0,0.003761595,0.082156691,0000
734,001a,0010,e3b0c44298fc1c149afbf4c8996fb92427ae41e4649b934ca495991b7852b855,ff2e70d46649d1e4cb10eac455c68c828ec637b52a49c923bfe544161e211b89,0b107895d58a20879817091787bf1e5d49e2358f1cf188e193d76687f9486d24,c5e536361221d6cc36d7fba4254a2e8a0a560ac6eb7c00cc979a4ab70faa3ae5,972f73882045ed27f2c061c49cca4a02ef3d64021746714086aab3fed96a53a0,26ec4021e615be5b2de99a82ec665446527db2d9c9735806e245848c74a6af0b,6a7041b1e326ac7d16916b645b930adf0a599b8269a341e4593d4a916500153e,f49a1927fc3e1b6626becaee40c9e5b21e226130de97638cfa7e00fe03a1643a,0.003728412,0.082260750,0000
735,001a,0010,e3b0c44298fc1c149afbf4c8996fb92427ae41e4649b934ca495991b7852b855,1217e7b767cf527dbebfe385e3875e54cddb8130582088e6f418a47e563d2e16,b88f7a3e8c8bcff60baf96d0d959f759c04515b6d81637095bd08c92669dd0da,c5e536361221d6cc36d7fba4254a2e8a0a560ac6eb7c00cc979a4ab70faa3ae5,972f73882045ed27f2c061c49cca4a02ef3d64021746714086aab3fed96a53a0,26ec4021e615be5b2de99a82ec665446527db2d9c9735806e245848c74a6af0b,cca6cf8567155ec2d9f3f89d649fb2f2a65b481267a4bd602857d8b982a41f05,4c62e641e1ed1b6ebc14a2230a107c1c42ddaf71b12785ef36127a828faeed8b,0.003782220,0.082248025,0000
736,001a,0010,e3b0c44298fc1c149afbf4c8996fb92427ae41e4649b934ca495991b7852b855,c92b1b76023bd36ef8b2d3e96af318f0fb753eb2064cc9a8d8fa0cf2ebe64de0,2243af060d25372d7ab06e9e2217080413ce364b214ae3a30954190e5f444b16,c5e536361221d6cc36d7fba4254a2e8a0a560ac6eb7c00cc979a4ab70faa3ae5,972f73882045ed27f2c061c49cca4a02ef3d64021746714086aab3fed96a53a0,26ec4021e615be5b2de99a82ec665446527db2d9c9735806e245848c74a6af0b,840eeaadf1497cb64227f4ede2f0f4ee55e6ecf264703702bacf5e896f67a139,a5497ecdb9976aa8b7090b592c4b42dd87f40f2f83a868249b784058eb7fe76f,0.003762529,0.082152369,0000
737,001a,0010,e3b0c44298fc1c149afbf4c8996fb92427ae41e4649b934ca495991b7852b855,c2a22ab704872ce6a3681c48c80f60a1002e892c32ad87ac4ebb33b979c5146c,74bb553257e307a5b2aa9ac8acde45636db20c0827f0ce23f1efc2dc218c681a,c5e536361221d6cc36d7fba4254a2e8a0a560ac6eb7c00cc979a4ab70faa3ae5,972f73882045ed27f2c061c49cca4a02ef3d64021746714086aab3fed96a53a0,26ec4021e615be5b2de99a82ec665446527db2d9c9735806e245848c74a6af0b,ab3aa2834a76c417c5f421c4156505dee69388b8d818e8fd41d3bba8f539be22,372942a032d76ab4f9d0877e51a0683a31418f5f91a77515802ff1cae57ea05c,0.003750933,0.082236316,0000
738,001a,0010,e3b0c44298fc1c149afbf4c8996fb92427ae41e4649b934ca495991b7852b855,e1c15709a71ec31882898c4ed40e0329cb932bf33542ee27878430d421bd8966,9c7d115929f9eeb85a6f0be7299d6547e24c9be339fee0fab094472128af5ebb,c5e536361221d6cc36d7fba4254a2e8a0a560ac6eb7c00cc979a4ab70faa3ae5,972f73882045ed27f2c061c49cca4a02ef3d64021746714086aab3fed96a53a0,26ec4021e615be5b2de99a82ec665446527db2d9c9735806e245848c74a6af0b,da0261a52bbd82380f3edcb7bca66f58dba4904b9a6fd121415cf52525c67940,9f0512729b93370ff54ebb4fc657141b785d4c6484885f141978588f558ad71d,0.003791198,0.082197042,0000
739,001a,0010,e3b0c44298fc1c149afbf4c8996fb92427ae41e4649b934ca495991b7852b855,cff79a9bcb87d376a4344d5818a26c219fd449e39a769e33d2a1540cd4f4b8c1,845c455e3c121b13a25c554d3faed2b307fc000b572c0350766ca9b5fd993926,c5e536361221d6cc36d7fba4254a2e8a0a560ac6eb7c00cc979a4ab70faa3ae5,972f73882045ed27f2c061c49cca4a02ef3d64021746714086aab3fed96a53a0,26ec4021e615be5b2de99a82ec665446527db2d9c9735806e245848c74a6af0b,b7e77c3986f6994bc42bf5ff7285e6d9d6c22dc7cfce55bc6d282ca002ddc435,52b56426e14ed821082c416ccc8be6b606770be064c31be592e3948a7fd0866f,0.003743466,0.082181223,0000
740,001a,0010,e3b0c44298fc1c149afbf4c8996fb92427ae41e4649b934ca495991b7852b855,5a275b0ceb96c677cb99d7234f33a55b62a73793c9f428929b18b43712fc82e9,79070642b1b847da3bd953328dee949499b5079aebb9dbeb5e81a2227325f030,c5e536361221d6cc36d7fba4254a2e8a0a560ac6eb7c00cc979a4ab70faa3ae5,972f73882045ed27f2c061c49cca4a02ef3d64021746714086aab3fed96a53a0,26ec4021e615be5b2de99a82ec665446527db2d9c9735806e245848c74a6af0b,60f444ec91d7937d75229d86257f553d8ebdb2d29d1ab56a8c59effa3c1a1fd4,56f09c901b351be5f5b5eecf181677e71707958f57726779d74f13d9b6f9271d,0.003771056,0.082242235,0000
741,001a,0010,e3b0c44298fc1c149afbf4c8996fb92427ae41e4649b934ca495991b7852b855,a57df1bc910b80b890fb7e2153c10411b8f5ab66066eb33b93c3594de78ab3f8,4735b0a6849bd0e5778337f0e3c66ae3c8225fd9da384a278993bef0ddb420b3,c5e536361221d6cc36d7fba4254a2e8a0a560ac6eb7c00cc979a4ab70faa3ae5,972f73882045ed27f2c061c49cca4a02ef3d64021746714086aab3fed96a53a0,26ec4021e615be5b2de99a82ec665446527db2d9c9735806e245848c74a6af0b,a625d0e188f93f471953b9b7eab815a1d228659e4cea5e419291acbcdb30a9c4,f03c5af2e78c788e1579527d2e1e60de759c97b1d1ca9337d7a8766b10bfc884,0.003804305,0.082180351,0000
742,001a,0010,e3b0c44298fc1c149afbf4c8996fb92427ae41e4649b934ca495991b7852b855,94e72f2895d2b3db67db50bc6eb1cadc71c8330eb2cbbaf09dbd1d4462bda179,c567ce8aa9f0a035aabd14b8ce689aa158d67e4d3265da3eb91d4934a6182b72,c5e536361221d6cc36d7fba4254a2e8a0a560ac6eb7c00cc979a4ab70faa3ae5,972f73882045ed27f2c061c49cca4a02ef3d64021746714086aab3fed96a53a0,26ec4021e615be5b2de99a82ec665446527db2d9c9735806e245848c74a6af0b,e794db8c4ed93c3ada9f205770180db36ce6c8021dad9067fad3bb1ad8efd325,c46a13d88b165fb826a4185c6b352aa8e9953bd3d6731aabde4391ff0067105f,0.003781392,0.082196533,0000
743,001a,0010,e3b0c44298fc1c149afbf4c8996fb92427ae41e4649b934ca495991b7852b855,d4d7432133a64d0f30c832c9f9c0bd15ae4f57b0b0de885b3b4192caa90edc6e,5757362775afba3f9da95f93b6ede908b0daee41190e0cc5207ab250cf6114d9,c5e536361221d6cc36d7fba4254a2e8a0a560ac6eb7c00cc979a4ab70faa3ae5,972f73882045ed27f2c061c49cca4a02ef3d64021746714086aab3fed96a53a0,26ec4021e615be5b2de99a82ec665446527db2d9c9735806e245848c74a6af0b,2ef517f2689529f9a7e5367295267fe803e05eeaf9ec8a775b2410b8cba61880,7212cf71e848974055fcf4aa0985c74dfd571e59b623fd15ca90abca0e420685,0.003752200,0.082206274,0000
744,001a,0010,e3b0c44298fc1c149afbf4c8996fb92427ae41e4649b934ca495991b7852b855,ebe66f6e8a5d9de1e7cc7a7139c06022a8543d3cc9b6319e1a6ec2eddb1b7579,02cd4e21e92378b485c981457dff215048fb68a48e4fbb06eabdc3de4670c4ad,c5e536361221d6cc36d7fba4254a2e8a0a560ac6eb7c00cc979a4ab70faa3ae5,972f73882045ed27f2c061c49cca4a02ef3d64021746714086aab3fed96a53a0,26ec4021e615be5b2de99a82ec665446527db2d9c9735806e245848c74a6af0b,c441b93804ecda476780329c8f2a476b372d2fe9afd61fa06a872edeea1ed835,af2b7ea64e3ba6af1924ce168e5c091c4c6d39e95e18aa47f99973c25f72974a,0.003798301,0.082198331,0000
745,001a,0010,e3b0c44298fc1c149afbf4c8996fb92427ae41e4649b934ca495991b7852b855,f21660452e32ae0b89c5804fec0e669e7586980226b2d6aa33ba24eba6ba8622,69b6457b6e7b5ee9b3bd95dda74aff1d2c8b7030d8f1f6cb0b438889198c4dfa,c5e536361221d6cc36d7fba4254a2e8a0a560ac6eb7c00cc979a4ab70faa3ae5,972f73882045ed27f2c061c49cca4a02ef3d64021746714086aab3fed96a53a0,26ec4021e615be5b2de99a82ec665446527db2d9c9735806e245848c74a6af0b,6d65dc8f1c1ff5a250a996bdefefdc94120ccd8606e65aa6fe3185a326ae4f9a,a290112a274aeecc824c8a89698d456455d5c2eeb3306332e580040a209e0851,0.003771284,0.082191499,0000
746,001a,0010,e3b0c44298fc1c149afbf4c8996fb92427ae41e4649b934ca495991b7852b855,005f27a441031bbe0b18350f64180fe86c1036c70a46a31fb22938fc3ca6641e,b4f61e18385d2db44d970da67cc02e5bd108bc742ad32143c4ed78ce4f16f97d,c5e536361221d6cc36d7fba4254a2e8a0a560ac6eb7c00cc979a4ab70faa3ae5,972f73882045ed27f2c061c49cca4a02ef3d64021746714086aab3fed96a53a0,26ec4021e615be5b2de99a82ec665446527db2d9c9735806e245848c74a6af0b,8f2974b881e16624d010db460da35731d69821f65dcc8b2625a852e4a97c6d1e,137d87d7a302871cf4801d752fa2bce55684ac638c69726825c1b5967bef4708,0.003778230,0.082181730,0000
747,001a,0010,e3b0c44298fc1c149afbf4c8996fb92427ae41e4649b934ca495991b7852b855,c4964eaf00f246638f36d7452ed87654ad4f87f6a049b2eda3b59dfb5d668e5e,e4c4eb2cf927958d63002b0504cf0171e8224f648caac3fcd64cbac01fcf9d3f,c5e536361221d6cc36d7fba4254a2e8a0a560ac6eb7c00cc979a4ab70faa3ae5,972f73882045ed27f2c061c49cca4a02ef3d64021746714086aab3fed96a53a0,26ec4021e615be5b2de99a82ec665446527db2d9c9735806e245848c74a6af0b,e6d5a85a79237cbda290fa1644a443ec2fd243a9aa20e03480c9fb7525eb84a4,136fab791560795ac96b1b8d4ed6c22e4557934fc768b75261cfa94ff2ff9dd7,0.003739251,0.082261942,0000
748,001a,0010,e3b0c44298fc1c149afbf4c8996fb92427ae41e4649b934ca495991b7852b855,9182f5463a22a3ebbace901aa15dc78197b76d9270317fc28b290bb4fc2fb657,f436ddfe79a0b5d84a73a87f6a901f237977cd02528bd81cc03d6b1795a65285,c5e536361221d6cc36d7fba4254a2e8a0a560ac6eb7c00cc979a4ab70faa3ae5,972f73882045ed27f2c061c49cca4a02ef3d64021746714086aab3fed96a53a0,26ec4021e615be5b2de99a82ec665446527db2d9c9735806e245848c74a6af0b,471419c3730f9f75808958384db670bb96a5d56b21d2fb87482f8a5c54b5157f,b726da4899984da71ac2f5518228ef6974ed0b102974227149819d317a9ff1be,0.003806892,0.082233462,0000
749,001a,0010,e3b0c44298fc1c149afbf4c8996fb92427ae41e4649b934ca495991b7852b855,a52f35b7a2666cdd088081c0478cc3dcb5be1b944162543a7ceda3c8fe5efcc0,2e7fd058c6ef1476df9f18ceb50add503fbb39924ab955f36a135fed123bde8d,c5e536361221d6cc36d7fba4254a2e8a0a560ac6eb7c00cc979a4ab70faa3ae5,972f73882045ed27f2c061c49cca4a02ef3d64021746714086aab3fed96a53a0,26ec4021e615be5b2de99a82ec665446527db2d9c9735806e245848c74a6af0b,3da5e5f768bfe78779182d9e73d7013a5c3a98981689d95c8bc5f821e32323f6,d6e1b09fd44a049348a013bfa1d5adb527ae2edb2d13d8ff18c507a4673a71e6,0.003788454,0.082131655,0000
750,001a,0010,e3b0c44298fc1c149afbf4c8996fb92427ae41e4649b934ca495991b7852b855,e7135732a9d41feaa1d6be25b019dd8f3e64742ce2c19a76e682876f599a945a,97f9e5915bd2ad4782394db4c5392f937a11f837098cc90fae97a0d48d94a6fd,c5e536361221d6cc36d7fba4254a2e8a0a560ac6eb7c00cc979a4ab70faa3ae5,972f73882045ed27f2c061c49cca4a02ef3d64021746714086aab3fed96a53a0,26ec4021e615be5b2de99a82ec665446527db2d9c9735806e245848c74a6af0b,badc445298a373103c32fb7b46381f25c8da0e8a3a3997bce8fd5316d40b5947,8f75d835b70ac7d97836d17b0c226a48a161a6498c43b1e5190d756948d9909a,0.003770856,0.082197567,0000
751,001a,0010,e3b0c44298fc1c149afbf4c8996fb92427ae41e4649b934ca495991b7852b855,3c96ae6ebf86f776abaed48d06333508c5c9f978267f6738df03613dfc4ec813,fa6a97a5f78670ee2eb7f3b56555b42edf01cbaac62025a523573500f9439bb3,c5e536361221d6cc36d7fba4254a2e8a0a560ac6eb7c00cc979a4ab70faa3ae5,972f73882045ed27f2c061c49cca4a02ef3d64021746714086aab3fed96a53a0,26ec4021e615be5b2de99a82ec665446527db2d9c9735806e245848c74a6af0b,6a75c5feae4e18c40c60faab6c49a972725a61fea23a231a4cc8008f08777946,239d3fc5d5230addd8698e942b47a691b11cae7aed2cf4cd1174858242ccb3c0,0.003792157,0.082190094,0000
752,001a,0010,e3b0c44298fc1c149afbf4c8996fb92427ae41e4649b934ca495991b7852b855,e948e03042aa9a766220b2e47537f5fec886d89221ee6fac22ab3052730a2e46,c4ba6d88eeb5deb94d9ac594709f5a944d22fb04bb3d007ef47782adfd302f7b,c5e536361221d6cc36d7fba4254a2e8a0a560ac6eb7c00cc979a4ab70faa3ae5,972f73882045ed27f2c061c49cca4a02ef3d64021746714086aab3fed96a53a0,26ec4021e615be5b2de99a82ec665446527db2d9c9735806e245848c74a6af0b,c2326ebe06549ff66c2eecc6416bc566d32cfa431271d77da0f8271591319a33,c997b074ee3dda881b10303b4bde60464758b7574df8b8fb5303b9dc10eb36f0,0.003771740,0.082196170,0000
753,001a,0010,e3b0c44298fc1c149afbf4c8996fb92427ae41e4649b934ca495991b7852b855,b18e772cb68dcb8cfa923ffb4de11837d260580cc187bddc4dedcbda3573ba62,2de5bc6fb628f2b6baf45763e9fae38a451072c670534575bbd99a5bcd31fd21,c5e536361221d6cc36d7fba4254a2e8a0a560ac6eb7c00cc979a4ab70faa3ae5,972f73882045ed27f2c061c49cca4a02ef3d64021746714086aab3fed96a53a0,26ec4021e615be5b2de99a82ec665446527db2d9c9735806e245848c74a6af0b,45ae373e48d4fc792006a76283507565bf37ec75fc240bd0b859265e43503518,5a22f669ddd91231a693d75eadb03176be10b4dcda948b4b88199bcc629b281f,0.003758167,0.082205062,0000
754,001a,0010,e3b0c44298fc1c149afbf4c8996fb92427ae41e4649b934ca495991b7852b855,0d9ac0e8f985f357845c20887a627673c78eb7149c75fe40748d1f77aa5ced11,47d2c01dd1cf2c1dff3b8396411f21d605ebb237523b1ad9b9e1343842694a3e,c5e536361221d6cc36d7fba4254a2e8a0a560ac6eb7c00cc979a4ab70faa3ae5,972f73882045ed27f2c061c49cca4a02ef3d64021746714086aab3fed96a53a0,26ec4021e615be5b2de99a82ec665446527db2d9c9735806e245848c74a6af0b,a77ba19663e58742c5cccc83bbb77ba6940b4fc8ac444112af35e504aa8eb835,e08f4ead7b8aa7bb193ede2f9423ae0169674c237b7568f885f1e608d64aa5fd,0.003800598,0.082203957,0000
755,001a,0010,e3b0c44298fc1c149afbf4c8996fb92427ae41e4649b934ca495991b7852b855,dfba7ae655c7e3664a8fc487766018c12bb7277645be928ad593cc00b0ddbe02,77f90bb52fe85c84d258f49b11d9ba7cdbb85ff86e1eedfede3dde1941c998fa,c5e536361221d6cc36d7fba4254a2e8a0a560ac6eb7c00cc979a4ab70faa3ae5,972f73882045ed27f2c061c49cca4a02ef3d64021746714086aab3fed96a53a0,26ec4021e615be5b2de99a82ec665446527db2d9c9735806e245848c74a6af0b,24557cc0de2f14aeb1a631e5221d4b1d548acc64adefd69b16948f31910b5adf,b3ebb3660d32a64d9cf5daea999fd898a49e84778dc4269d3987aefd44e66dd5,0.003766741,0.082176274,0000
756,001a,0010,e3b0c44298fc1c149afbf4c8996fb92427ae41e4649b934ca495991b7852b855,66642a23a2a3bfb4d0b1e47083955d110e2339465e8ee172d376ae3216456ad2,3f0eea70e5ba13633031329c550e04026c3c2d6910e25fb1e12cfc51c46a0d96,c5e536361221d6cc36d7fba4254a2e8a0a560ac6eb7c00cc979a4ab70faa3ae5,972f73882045ed27f2c061c49cca4a02ef3d64021746714086aab3fed96a53a0,26ec4021e615be5b2de99a82ec665446527db2d9c9735806e245848c74a6af0b,4c7c9efb65f639706492f5a967b64881cdda79d9c1c05cfc9df7f09a9b444ebf,4a20e9096f1c83fb6d998ba1ebb6e7cf91c476059e391465ccf69f964651771b,0.003753329,0.082234723,0000
757,001a,0010,e3b0c44298fc1c149afbf4c8996fb92427ae41e4649b934ca495991b7852b855,0888e40ce24c4730ba7c4fd17f2a4f7a327e66efef5e9010609b7324513a98ec,0777ff035fdf4efea699339495d8e39436b95f7e2db0c448c756a7744af18b2a,c5e536361221d6cc36d7fba4254a2e8a0a560ac6eb7c00cc979a4ab70faa3ae5,972f73882045ed27f2c061c49cca4a02ef3d64021746714086aab3fed96a53a0,26ec4021e615be5b2de99a82ec665446527db2d9c9735806e245848c74a6af0b,378258bd47836571eb2a360b8b6c6a694b901ac5dd5da8742858f090cbbe286a,808af84adc81f4dcd7741933a8ec62b7fdf6a331f002a6524ee0fae36bd5d5ec,0.003768053,0.082193128,0000
758,001a,0010,e3b0c44298fc1c149afbf4c8996fb92427ae41e4649b934ca495991b7852b855,2c7ea19876662dc5dce7d1795999358766ad676dd21d8ffba168ca9a159fbcaa,bfcbcb4a598a19566e03cbc3582e58294a1df13d5540596c5f3790c236d0418d,c5e536361221d6cc36d7fba4254a2e8a0a560ac6eb7c00cc979a4ab70faa3ae5,972f73882045ed27f2c061c49cca4a02ef3d64021746714086aab3fed96a53a0,26ec4021e615be5b2de99a82ec665446527db2d9c9735806e245848c74a6af0b,69dd5d83aa340a8512d372106adbfb7e795f5b4527f0fabcd7866dc462aec381,53e6ce278dd6d01c0715df9d48ec6ce42b1d1c8316ec0941a384094f4618ed2a,0.003759579,0.082248539,0000
759,001a,0010,e3b0c44298fc1c149afbf4c8996fb92427ae41e4649b934ca495991b7852b855,a667d7034487c42bfc45ed8fb14fad1354fb79dc92e94f6f9be9f1aedc7aa59b,d9211b97f1142d83bbe4027bd6fbc50bf0526c0987f0ed9c7ab3051864efcb47,c5e536361221d6cc36d7fba4254a2e8a0a560ac6eb7c00cc979a4ab70faa3ae5,972f73882045ed27f2c061c49cca4a02ef3d64021746714086aab3fed96a53a0,26ec4021e615be5b2de99a82ec665446527db2d9c9735806e245848c74a6af0b,423bec74c976a247314d4cc651ca67eae962ea89a0fcdf75bb018095af47e063,467ec1444df2fc7d8088bfab28656dea57a64e9b19a649dafbaaf3eb13a7ea7c,0.003747752,0.082173659,0000
760,001a,0010,e3b0c44298fc1c149afbf4c8996fb92427ae41e4649b934ca495991b7852b855,8b89ef5efab2385f8bd3523ff566edb0f6d58cc8acf83dd359828f616cd1a26b,067f55d42666e9053b478f1cb566a1fa70467d07ea9cb857075b216887a6898e,c5e536361221d6cc36d7fba4254a2e8a0a560ac6eb7c00cc979a4ab70faa3ae5,972f73882045ed27f2c061c49cca4a02ef3d64021746714086aab3fed96a53a0,26ec4021e615be5b2de99a82ec665446527db2d9c9735806e245848c74a6af0b,4707d54e75e906e58592cc07639aabc71f8a439028453e0060373e5d55809204,b8284170f2f77ac0351fb2f2d38f987626182ba0d04be1cbb80abcc3784f3f8f,0.003758193,0.082244207,0000
761,001a,0010,e3b0c44298fc1c149afbf4c8996fb92427ae41e4649b934ca495991b7852b855,4af6f66a352706dd2581c5febb62f0190da176b4cf63c88d8b962a0c6f62d8d8,7e90638835960444acf0cc2ef80e151c34b5dd73cfa0d3e50fa8330cbf6dbfa3,c5e536361221d6cc36d7fba4254a2e8a0a560ac6eb7c00cc979a4ab70faa3ae5,972f73882045ed27f2c061c49cca4a02ef3d64021746714086aab3fed96a53a0,26ec4021e615be5b2de99a82ec665446527db2d9c9735806e245848c74a6af0b,3dd90cb6a8c1ae06bbd5fdb021d5df62a8c5e816f41713a612d8bcb40102446d,9538aa25c1c837b9d2c3eaee08d108d7cd34896926daaf83c700ee1264711f15,0.003589079,0.082193711,0000
762,001a,0010,e3b0c44298fc1c149afbf4c8996fb92427ae41e4649b934ca495991b7852b855,e9c91eba3d400c12565cd0b3346d1fdb6ccd2a096672d41f89b2b4b848cad75e,598a970884a28ce756c0551b3dc71e3d346dd106f9cc18feac55a99f128ad06d,c5e536361221d6cc36d7fba4254a2e8a0a560ac6eb7c00cc979a4ab70faa3ae5,972f73882045ed27f2c061c49cca4a02ef3d64021746714086aab3fed96a53a0,26ec4021e615be5b2de99a82ec665446527db2d9c9735806e245848c74a6af0b,0feb55e18f6aae3dd6950d245244b5066dfc1519569774f52e5fdc76b3875a46,76d4b7f88a39c5aab3847a21483d92b838d14b67b3872622c86efca116ac3b43,0.003773551,0.082387105,0000
763,001a,0010,e3b0c44298fc1c149afbf4c8996fb92427ae41e4649b934ca495991b7852b855,57796c71c7538144c9fa254c922437183bf40fbcb89adcb0504bb308c65e0990,a8400e6c46e1e0dcc494a7c28bdb17e9db01a4fe8c848ba137d8f15687c2c689,c5e536361221d6cc36d7fba4254a2e8a0a560ac6eb7c00cc979a4ab70faa3ae5,972f73882045ed27f2c061c49cca4a02ef3d64021746714086aab3fed96a53a0,26ec4021e615be5b2de99a82ec665446527db2d9c9735806e245848c74a6af0b,af4f079095540c54edb71b28c990dfa84a86f7c7025b2c5224e7c2033db67864,bd9f9a32e0092a89ef2e927e8c239221f12ad8d4a572d9783882bb4d454c4a4e,0.003740315,0.082188342,0000
764,001a,0010,e3b0c44298fc1c149afbf4c8996fb92427ae41e4649b934ca495991b7852b855,5b5f88ca3b46b591617af562c724a882cf329a98a5d45d6d7c2932c464ad014e,541924b7f7b93501678e6a5a137c60c62c1106babf3812a68e01c7f6986521ea,c5e536361221d6cc36d7fba4254a2e8a0a560ac6eb7c00cc979a4ab70faa3ae5,972f73882045ed27f2c061c49cca4a02ef3d64021746714086aab3fed96a53a0,26ec4021e615be5b2de99a82ec665446527db2d9c9735806e245848c74a6af0b,8c3f5ff34431311d5d41666878ec6c3172e7d09a632e4fff0954bd4a516af4cb,62edc5ad0593bbd909a4461eee8c7d87ef0c37fa86c5b99c3e8ab7bdd7613d77,0.003783890,0.082226129,0000
765,001a,0010,e3b0c44298fc1c149afbf4c8996fb92427ae41e4649b934ca495991b7852b855,b192a45d1c18b24a8e967018515778593f6aa4820827489378b537cf6b5f2a0c,3d4969f0159d9c95091352a3ad4b79b8d48d6ae8a1f264d74ca28c713615f57c,c5e536361221d6cc36d7fba4254a2e8a0a560ac6eb7c00cc979a4ab70faa3ae5,972f73882045ed27f2c061c49cca4a02ef3d64021746714086aab3fed96a53a0,26ec4021e615be5b2de99a82ec665446527db2d9c9735806e245848c74a6af0b,242d1a373134d19ae0685f2071d3c754fc849ff19439c003343cd79ca418e1ca,80c4098c41486afe54c8d650ec6b3259d7cf1c0759747b6d0f930e500fd7db5d,0.003787386,0.082194632,0000
766,001a,0010,e3b0c44298fc1c149afbf4c8996fb92427ae41e4649b934ca495991b7852b855,3a579cf3b7d80fe48d10c9974e76f3ef329620f102572e05cba9749cadec1e46,b25e5b9ee60753e6bff19dfb7a219a471d1b693d0ee2b976252f25ea3118e99b,c5e536361221d6cc36d7fba4254a2e8a0a560ac6eb7c00cc979a4ab70faa3ae5,972f73882045ed27f2c061c49cca4a02ef3d64021746714086aab3fed96a53a0,26ec4021e615be5b2de99a82ec665446527db2d9c9735806e245848c74a6af0b,094ab418b39455f750ef9000be5f3b5f7e5ca3d2bc3d9b81c241141fbe504f69,c6c70cda004e741cbf138dfb7c2f6e2fee533e2bf11cf6d7f5510b58b6839e56,0.003516768,0.082115949,0000
767,001a,0010,e3b0c44298fc1c149afbf4c8996fb92427ae41e4649b934ca495991b7852b855,a994f246d6ca14e9b476b98b02a4ee47a94c88c6f50340db71965fee33e25fa2,bb848320a40d53a0f1741ace3e09982c344fb43fa1f3b66104a624be0a426d6d,c5e536361221d6cc36d7fba4254a2e8a0a560ac6eb7c00cc979a4ab70faa3ae5,972f73882045ed27f2c061c49cca4a02ef3d64021746714086aab3fed96a53a0,26ec4021e615be5b2de99a82ec665446527db2d9c9735806e245848c74a6af0b,9f4addce68d459c77c6c22e8aaf4c1b84783dbbd908df647ee8a4ec4fd0e6887,af41b1a09aa31653e3e5b553e99ac2e73c3130e20aef84f5acf6c552c4a43819,0.003781407,0.082550146,0000
768,001a,0010,e3b0c44298fc1c149afbf4c8996fb92427ae41e4649b934ca495991b7852b855,8ef77d8ad3f39b96d383f58c8b78a65fb938956b48b4b09c44a078f7089347a2,d79bb55111b5f63d96fd66c2a0aedff15a2f27a55be141f9e8f6fb498b48606f,c5e536361221d6cc36d7fba4254a2e8a0a560ac6eb7c00cc979a4ab70faa3ae5,972f73882045ed27f2c061c49cca4a02ef3d64021746714086aab3fed96a53a0,26ec4021e615be5b2de99a82ec665446527db2d9c9735806e245848c74a6af0b,b10a2c12028ca93c88a18401f4a7589039f59dadb6d5540b8a693e0f10106517,bcf1762ca9a5716b4f70b14f54e74d0fcd84c551d1a12faa896c71356caeec28,0.003773194,0.082200847,0000
769,001a,0010,e3b0c44298fc1c149afbf4c8996fb92427ae41e4649b934ca495991b7852b855,a529d4761ed54506c82fdb7d1eed43aedc8927e701cc0aea0c4747a23104a853,c99ee5a0d4d60e7dc95f71b5ff25a5c905fd5b7e761604408f997c69b858850b,c5e536361221d6cc36d7fba4254a2e8a0a560ac6eb7c00cc979a4ab70faa3ae5,972f73882045ed27f2c061c49cca4a02ef3d64021746714086aab3fed96a53a0,26ec4021e615be5b2de99a82ec665446527db2d9c9735806e245848c74a6af0b,d447c4f0da4cfe321d5146f44ab1c5d4906a59c714e3f1c8bc94a479f8cc849a,e96fa16324b93300a896746180a815664fb974b0d29df7c25fcfab40d9f415f9,0.003796022,0.082190108,0000
770,001a,0010,e3b0c44298fc1c149afbf4c8996fb92427ae41e4649b934ca495991b7852b855,856f397ca3d0e0652c163d39a22effeb9e673bf1084955d06ec45acf43a98d58,85911e4fb8fd47247d2ab062f4da76c75958283171f99336b5bf6716f4a272e8,c5e536361221d6cc36d7fba4254a2e8a0a560ac6eb7c00cc979a4ab70faa3ae5,972f73882045ed27f2c061c49cca4a02ef3d64021746714086aab3fed96a53a0,26ec4021e615be5b2de99a82ec665446527db2d9c9735806e245848c74a6af0b,fa0418293cc46c2ba86e49f1661a0eab9a4b17d294568fc3b2f9a4b036a040d1,eaa8080e73232596390e767c7708e2b7092ad292de9d4eea9b1290f5c5b44cea,0.003762529,0.082178905,0000
771,001a,0010,e3b0c44298fc1c149afbf4c8996fb92427ae41e4649b934ca495991b7852b855,84759d626d73142e9b7baeb41612b4d47e32e4e39fc23899420e21d19035b495,6414555b76a4d801bf149946f232ba754766b8aba32e29bed25fa0ad099bbb22,c5e536361221d6cc36d7fba4254a2e8a0a560ac6eb7c00cc979a4ab70faa3ae5,972f73882045ed27f2c061c49cca4a02ef3d64021746714086aab3fed96a53a0,26ec4021e615be5b2de99a82ec665446527db2d9c9735806e245848c74a6af0b,cecd3ec18be8d3d317ea28b804ffef4a2153b11c66d104109ce79f2a35f5ab67,dc90760df24b91765ecd502929ef034d9886424de9c8199dacbb375d7992e3a5,0.003755039,0.082235562,0000
772,001a,0010,e3b0c44298fc1c149afbf4c8996fb92427ae41e4649b934ca495991b7852b855,14d691316b487e5df0e9939dd659a2f426f203710e58cc47adbaa86451b35c7f,fad23b42fbc4b8ed8892bb02d5a17c87e4643066dec1fc8f0d780082572226bc,c5e536361221d6cc36d7fba4254a2e8a0a560ac6eb7c00cc979a4ab70faa3ae5,972f73882045ed27f2c061c49cca4a02ef3d64021746714086aab3fed96a53a0,26ec4021e615be5b2de99a82ec665446527db2d9c9735806e245848c74a6af0b,1bd438c2324a1906a9713658505208bea87981197549cdd0093499ab898b23e9,85fcbdbcade70b32d0eaca97972fcf0083cede371a9dc5cb0b97a007cf41cbe0,0.003357670,0.081853920,0000
773,001a,0010,e3b0c44298fc1c149afbf4c8996fb92427ae41e4649b934ca495991b7852b855,0e71353ff54ed1c45c6e9e6be02b4385f5689ddda5912539a139d3dbafd27752,1b85f4522282409f1dbc3626f9f71a3c31c11c31f7f49777134f1c24e59556fd,c5e536361221d6cc36d7fba4254a2e8a0a560ac6eb7c00cc979a4ab70faa3ae5,972f73882045ed27f2c061c49cca4a02ef3d64021746714086aab3fed96a53a0,26ec4021e615be5b2de99a82ec665446527db2d9c9735806e245848c74a6af0b,33463bd0e724701350c5fceb720ddb04f06b41c6a07cd2a51ba7e050cf586c23,c49fb4174faeba87283b69f67753ffbb87675bedf968f61170fb615ed2b61c15,0.003738153,0.081962400,0000
774,001a,0010,e3b0c44298fc1c149afbf4c8996fb92427ae41e4649b934ca495991b7852b855,0956d509b3317d78a66ea65e07e3abdb24747a4e23375b6997b257e61896cee8,44bfbee45b91e471666cc12953c551e226238e713fdeb31105b6faf64d2453f8,c5e536361221d6cc36d7fba4254a2e8a0a560ac6eb7c00cc979a4ab70faa3ae5,972f73882045ed27f2c061c49cca4a02ef3d64021746714086aab3fed96a53a0,26ec4021e615be5b2de99a82ec665446527db2d9c9735806e245848c74a6af0b,d7a7e992bd3984d07f209fa1f067c41ad774877e843582d8fad6df846546f8c0,2c425bcff932cc9d9be94ad93e1546dcb6d17dfbe65fb4d4d2ca8a4151961c84,0.003749393,0.082254924,0000
775,001a,0010,e3b0c44298fc1c149afbf4c8996fb92427ae41e4649b934ca495991b7852b855,634ffa9a75965d866d93d048821a455a54c5978acdd568aec4146c99107e0346,641a1e4a517977233610674420fefdee82794add77f119702f476b094798ec9d,c5e536361221d6cc36d7fba4254a2e8a0a560ac6eb7c00cc979a4ab70faa3ae5,972f73882045ed27f2c061c49cca4a02ef3d64021746714086aab3fed96a53a0,26ec4021e615be5b2de99a82ec665446527db2d9c9735806e245848c74a6af0b,36c2ffcbfbb422717746f240affce4bbe10b490d84700a3a6974b4fb20c8351f,5d68b41c60f79b565c21254ef02235d60ca128be453eb59bb042dd4427fea41a,0.003796707,0.082202010,0000
776,001a,0010,e3b0c44298fc1c149afbf4c8996fb92427ae41e4649b934ca495991b7852b855,dc01e217d2cef8d7cafc93393e576859e15ee721b3471d4b97f518e9c1209ec3,fdc8bb6449a0024e21fb1c6e00eb4c094c9b0f1ccfcd4633bed48efc6c0fa558,c5e536361221d6cc36d7fba4254a2e8a0a560ac6eb7c00cc979a4ab70faa3ae5,972f73882045ed27f2c061c49cca4a02ef3d64021746714086aab3fed96a53a0,26ec4021e615be5b2de99a82ec665446527db2d9c9735806e245848c74a6af0b,d2e21c8ccd7d6c2d02ed1097f703301282e298878df7385a03cf2cc2db5dde55,7087b35f6d67c5542f6667f5d88228fa09d328b666e8529ac6f397592c17c3e4,0.003776479,0.082188514,0000
777,001a,0010,e3b0c44298fc1c149afbf4c8996fb92427ae41e4649b934ca495991b7852b855,0dfcef57a4af738d40b9108456dc1dd2d5881fd0f11b7db4a4724ed933dc49e1,055d45db3bc4be60297713ae125afe64dee1c6efa96018b6bcdf2d66ff6ffb2a,c5e536361221d6cc36d7fba4254a2e8a0a560ac6eb7c00cc979a4ab70faa3ae5,972f73882045ed27f2c061c49cca4a02ef3d64021746714086aab3fed96a53a0,26ec4021e615be5b2de99a82ec665446527db2d9c9735806e245848c74a6af0b,e343a72ffc2bb84a14f32cb2481ec94a350af602433e0aaafdef6dea49d0feba,ecef1e6fe9d7486e8f576804841c1ff86c1a2c5d58a4ed1919ae3504b3eabed0,0.003788870,0.082195811,0000
778,001a,0010,e3b0c44298fc1c149afbf4c8996fb92427ae41e4649b934ca495991b7852b855,dee56f383aea07c3798093d128c41791e1919080655c1a5e02f7ebe2a63851d6,a7a99211ea19ecaeffe1778284602e9ae3d34911cd8aa70e98b062b5ea0217a0,c5e536361221d6cc36d7fba4254a2e8a0a560ac6eb7c00cc979a4ab70faa3ae5,972f73882045ed27f2c061c49cca4a02ef3d64021746714086aab3fed96a53a0,26ec4021e615be5b2de99a82ec665446527db2d9c9735806e245848c74a6af0b,1a5bf046d94f7ad2f49d3a53366351eb2c77011856462e2b5da4deaa025a7ba6,481b7f241e1647b2742f1908eb08f2a08f761266be223243c8ae2300157e1c62,0.003762420,0.082172065,0000
779,001a,0010,e3b0c44298fc1c149afbf4c8996fb92427ae41e4649b934ca495991b7852b855,b788d1fe2a714842b97415c6d84043e931e3fd045d111e70fdd7065c309c200b,c4f5cd67fd49a595b661aa99f6800140d8bbe1cc534cde678645874718c5bde7,c5e536361221d6cc36d7fba4254a2e8a0a560ac6eb7c00cc979a4ab70faa3ae5,972f73882045ed27f2c061c49cca4a02ef3d64021746714086aab3fed96a53a0,26ec4021e615be5b2de99a82ec665446527db2d9c9735806e245848c74a6af0b,da790891a83408da8752620a23c8e3ef463168ff2bf68be7ccf5795f08ae5b1f,ed4be2709f88e221f2058568c80f9da38ccfb174848c7b05da35b5b0dccd0c87,0.003759540,0.082230622,0000
780,001a,0010,e3b0c44298fc1c149afbf4c8996fb92427ae41e4649b934ca495991b7852b855,d2d38502911cc748552254e59c8c4095aae5c22c93a335391074400bf2fd5055,e1fe0feb743f3373a25a86917c820f27d90524a9de4616f69609d574ef668c96,c5e536361221d6cc36d7fba4254a2e8a0a560ac6eb7c00cc979a4ab70faa3ae5,972f73882045ed27f2c061c49cca4a02ef3d64021746714086aab3fed96a53a0,26ec4021e615be5b2de99a82ec665446527db2d9c9735806e245848c74a6af0b,328a0381b14e04632c211f0c261ef50671688dd11f005b76a2451454903037de,0b840a5244cfb28d350025168254e57e0418c3aba9e08936b07e42ee9d29907c,0.003785840,0.082205879,0000
781,001a,0010,e3b0c44298fc1c149afbf4c8996fb92427ae41e4649b934ca495991b7852b855,db2cff685b474b82d61388d23bcfaea79961e2925e68523de089a0a035016050,e3624b166e5db5383635f655df5b79233654a533134ec0cacf86759139cbe92f,c5e536361221d6cc36d7fba4254a2e8a0a560ac6eb7c00cc979a4ab70faa3ae5,972f73882045ed27f2c061c49cca4a02ef3d64021746714086aab3fed96a53a0,26ec4021e615be5b2de99a82ec665446527db2d9c9735806e245848c74a6af0b,c27819aa20071733944a2aa9440ac3f4cef13d998d04101ae403dfd0e555caac,fc85a6683790a3bcf4a8f0850dc289941da2b55f418e663ac637e756afa8fe09,0.003794674,0.082237905,0000
782,001a,0010,e3b0c44298fc1c149afbf4c8996fb92427ae41e4649b934ca495991b7852b855,4dbc23c5b9eaaa89e423f9a3e4ef573d9c66265a01a88e276b68ba030276d41f,d73bce90a6c0296c197406d1cf62ee20aaaa1ea0adc158ec9f581eb7029cea9b,c5e536361221d6cc36d7fba4254a2e8a0a560ac6eb7c00cc979a4ab70faa3ae5,972f73882045ed27f2c061c49cca4a02ef3d64021746714086aab3fed96a53a0,26ec4021e615be5b2de99a82ec665446527db2d9c9735806e245848c74a6af0b,1e893e73d06875c1e310e6312fc8d1ba901ce8aad648a7541c8bdd8953483eb1,4151a12dc1c28cf866dd623877c3d3ba9bae901d2e058c59beeb6cae47f68ee9,0.003768680,0.082161373,0000
783,001a,0010,e3b0c44298fc1c149afbf4c8996fb92427ae41e4649b934ca495991b7852b855,aa458ee667a1eb4a7905db8501e1684048e9b5801f5501b4335dfc0299b4b9b2,e66355879612c2321e14854b854542d18efd87f0d65c876cfb84c2e9a3aab8e1,c5e536361221d6cc36d7fba4254a2e8a0a560ac6eb7c00cc979a4ab70faa3ae5,972f73882045ed27f2c061c49cca4a02ef3d64021746714086aab3fed96a53a0,26ec4021e615be5b2de99a82ec665446527db2d9c9735806e245848c74a6af0b,5e3525aeca0161b9d235ff28326e5ae0b3d6335788dd602b0e12eed203584e59,92b82fe076c20e12df4f4845129bafa259c38258567888552cb1560910980747,0.003785477,0.082191067,0000
784,001a,0010,e3b0c44298fc1c149afbf4c8996fb92427ae41e4649b934ca495991b7852b855,1fdd60727480164016eac3805c4f1ce48c1bcf295049a7a742e198ae6b44d49c,4fa115bd7182a31c8bf75ff77d4f9c53322025ee18db1f2a48e209c22c9492e7,c5e536361221d6cc36d7fba4254a2e8a0a560ac6eb7c00cc979a4ab70faa3ae5,972f73882045ed27f2c061c49cca4a02ef3d64021746714086aab3fed96a53a0,26ec4021e615be5b2de99a82ec665446527db2d9c9735806e245848c74a6af0b,001553646ddfc6e31a35cc08ca8a3ddd005eb2f6bf253df117c2d49507af7d64,8772cf9198919c8b0c363c157355d63b6f2f5447bd518bc39ece475cdaf320c3,0.003765978,0.082203118,0000
785,001a,0010,e3b0c44298fc1c149afbf4c8996fb92427ae41e4649b934ca495991b7852b855,17575709eee91e9f024bfb0c34177cdd483a3d0d541cb613a31fe0ccfb0327d2,e6627e2fe5519b594ac8d1a9270a4ea65c36e21436295a159f844340ba9aa58a,c5e536361221d6cc36d7fba4254a2e8a0a560ac6eb7c00cc979a4ab70faa3ae5,972f73882045ed27f2c061c49cca4a02ef3d64021746714086aab3fed96a53a0,26ec4021e615be5b2de99a82ec665446527db2d9c9735806e245848c74a6af0b,7cc562746342b33df1c95be12814a305cd7364b727c3144dbfda4fe6c1f6a674,8239e4dfa25e848641c8b9744132b825a30b4559539e86a00c643f9b70771130,0.003790493,0.082175063,0000
786,001a,0010,e3b0c44298fc1c149afbf4c8996fb92427ae41e4649b934ca495991b7852b855,3167be75b30abf07d6f8920a9c717164475b0116c4412ef84a0d2afa2ed0f4f6,540b4221f4e155ee29e01cb0a7876d776d6a9b6339bc9178ce6941f67ae9a30f,c5e536361221d6cc36d7fba4254a2e8a0a560ac6eb7c00cc979a4ab70faa3ae5,972f73882045ed27f2c061c49cca4a02ef3d64021746714086aab3fed96a53a0,26ec4021e615be5b2de99a82ec665446527db2d9c9735806e245848c74a6af0b,415ab7a3ca90b7948a29461e34435ba0dc5231ecb725d7abe1f35360a3b1bc08,b91a6cf8b5a17e7084e4dc73028a8fb44f4fb96c6a156a4df735a729e6134d9f,0.003781956,0.082206722,0000
787,001a,0010,e3b0c44298fc1c149afbf4c8996fb92427ae41e4649b934ca495991b7852b855,1dfd6c3479cb3aa8a7cabb413c47ef37b1518c28bc0136d534332b44e94a81c6,5c5c5c848726e24bdf2309c0a57a502ef67ceeb4836e082040c131ae5f074cb7,c5e536361221d6cc36d7fba4254a2e8a0a560ac6eb7c00cc979a4ab70faa3ae5,972f73882045ed27f2c061c49cca4a02ef3d64021746714086aab3fed96a53a0,26ec4021e615be5b2de99a82ec665446527db2d9c9735806e245848c74a6af0b,49ad53439e301253870bb52cd2de6f37c3761effa85d2bbc1267ff9b71b4e43f,6f305b417586d7abdf20530270b74af4f3b3c2f42473b7d86492dcbe95f01dc5,0.003754078,0.082196693,0000
788,001a,0010,e3b0c44298fc1c149afbf4c8996fb92427ae41e4649b934ca495991b7852b855,c0191621566a59409b125014ee3f55b8d3bd4dfc1a17cd7287f378fee1d34ace,a3c67c20ba915b11644c49b272d54131328d13ff332e05bf24214126a78d3af6,c5e536361221d6cc36d7fba4254a2e8a0a560ac6eb7c00cc979a4ab70faa3ae5,972f73882045ed27f2c061c49cca4a02ef3d64021746714086aab3fed96a53a0,26ec4021e615be5b2de99a82ec665446527db2d9c9735806e245848c74a6af0b,04d43c7272c1eeba65a4888855f5773b0f00f244ec3bd772453a367eb17ae397,d98aa5055a66401934a79ac51ce68526dff36f7598394e93eb7819973bdfbd22,0.003780439,0.082211058,0000
789,001a,0010,e3b0c44298fc1c149afbf4c8996fb92427ae41e4649b934ca495991b7852b855,b720bbb928a41e79e97a3a170886013777e08abd40a18bc6dd00f4dc6e43e423,8ce2e71ffde80c1d41e9e768ae65364d3f6b116e118d08fc162b5d678aa6f62f,c5e536361221d6cc36d7fba4254a2e8a0a560ac6eb7c00cc979a4ab70faa3ae5,972f73882045ed27f2c061c49cca4a02ef3d64021746714086aab3fed96a53a0,26ec4021e615be5b2de99a82ec665446527db2d9c9735806e245848c74a6af0b,895f265ea4e08c82ce07d896a84e9ad354cdb9f7d486e2bd94749acc51dfe44a,5c4815941c93f22b557492749fe210ced879e3025f04a1957206e70d31a2f774,0.003777317,0.082189598,0000
790,001a,0010,e3b0c44298fc1c149afbf4c8996fb92427ae41e4649b934ca495991b7852b855,d0f0073b071e6b939fcc3b156609f66218047c69fca2f11f1ce3327b2269744f,eb9fbecd61ffb35343a623f56b103174cd2541723a89b681759113bf61c3c610,c5e536361221d6cc36d7fba4254a2e8a0a560ac6eb7c00cc979a4ab70faa3ae5,972f73882045ed27f2c061c49cca4a02ef3d64021746714086aab3fed96a53a0,26ec4021e615be5b2de99a82ec665446527db2d9c9735806e245848c74a6af0b,55e535c254b64b0880ee5f9ec093b4bb8af6fa8bb479ff5ac1b493bb49e2a9a3,77edd09a73fb66a99426570cf7340128a72d5496ac23fda076c63aa4aba0dcc2,0.003596705,0.082145359,0000
791,001a,0010,e3b0c44298fc1c149afbf4c8996fb92427ae41e4649b934ca495991b7852b855,c0ab7dcbcbad474edfff1e8554f65789fce397d97cc70d1be5eaf93e3da05c22,1910add830c8fbd2c0f23f14381ebc6c6e53264c89b312ed80a8d3f9534d3588,c5e536361221d6cc36d7fba4254a2e8a0a560ac6eb7c00cc979a4ab70faa3ae5,972f73882045ed27f2c061c49cca4a02ef3d64021746714086aab3fed96a53a0,26ec4021e615be5b2de99a82ec665446527db2d9c9735806e245848c74a6af0b,ee05239b211b23a55451d042d3f492db1829713c91770dfe2a30e74d208050b1,1a67577514bc98ecfd016c1c89017b5dded21435ff2bf95f397249eeef01216d,0.003806131,0.082420740,0000
792,001a,0010,e3b0c44298fc1c149afbf4c8996fb92427ae41e4649b934ca495991b7852b855,2f034e0934f9991033881a2493bec9ee08cad18aa54ff890ed7d0fcef18beb7a,534f3f56b4c0af2fbc3e5e6b353f12dc1fc01ada82e5f78d2a02be0ac9ed9a6c,c5e536361221d6cc36d7fba4254a2e8a0a560ac6eb7c00cc979a4ab70faa3ae5,972f73882045ed27f2c061c49cca4a02ef3d64021746714086aab3fed96a53a0,26ec4021e615be5b2de99a82ec665446527db2d9c9735806e245848c74a6af0b,2163c41d972642618c48b8a56338a436916e66aab2d326883422b024f120ef2a,ed50b74ea849ffba0109d5c0b14dcc3364615b07d177c4ebc34b61035c87ac0d,0.003760102,0.082192008,0000
793,001a,0010,e3b0c44298fc1c149afbf4c8996fb92427ae41e4649b934ca495991b7852b855,d1181ef0a4cd9d955e000f946a2c82d503ce5ef715939f41134edf506d873bb1,1e872fc899092919759aaa8a8f72fda20c42bdf17b5f8ca6da2ee50c2ac03ace,c5e536361221d6cc36d7fba4254a2e8a0a560ac6eb7c00cc979a4ab70faa3ae5,972f73882045ed27f2c061c49cca4a02ef3d64021746714086aab3fed96a53a0,26ec4021e615be5b2de99a82ec665446527db2d9c9735806e245848c74a6af0b,fc93be5392f7da37f749931b60b9723c31f0fd5baad2cee6dcce6be45567f435,5d198ca9e0828f463a14304ec01091e4993027f44788ff2b185e683d4f0288f1,0.003801594,0.082193774,0000
794,001a,0010,e3b0c44298fc1c149afbf4c8996fb92427ae41e4649b934ca495991b7852b855,52e92b4cfc8c97fea8cdaeeb61acc4f6a151245efa2f7677a68f30210b490578,8e9936b2e90bea22344b2ff8bc6af497ef9fd310a80f650c21769e63e60ac1e7,c5e536361221d6cc36d7fba4254a2e8a0a560ac6eb7c00cc979a4ab70faa3ae5,972f73882045ed27f2c061c49cca4a02ef3d64021746714086aab3fed96a53a0,26ec4021e615be5b2de99a82ec665446527db2d9c9735806e245848c74a6af0b,db778d6f36fc2b726c8ad1c8bb0229c42d35025405d2260dac2461c1fce452ac,488ee92e8224708e52dff4b60c462cf554833f122c8ec99c14c38fc2ce2f40f1,0.003518986,0.082109727,0000
795,001a,0010,e3b0c44298fc1c149afbf4c8996fb92427ae41e4649b934ca495991b7852b855,80fdd7f5e6a708dadfbfbb85552ae7741cf05219b7a9508339f5221e7eb95199,42f35d0e5fe9a1db0e3bfa428270c943538470146646855667e8bdcfe3ee52e1,c5e536361221d6cc36d7fba4254a2e8a0a560ac6eb7c00cc979a4ab70faa3ae5,972f73882045ed27f2c061c49cca4a02ef3d64021746714086aab3fed96a53a0,26ec4021e615be5b2de99a82ec665446527db2d9c9735806e245848c74a6af0b,28f4673ab1e11c888e9cb7e62a0c8d607d86334df4cf3df75fe6f2fea09c630a,8beb2bfdaf364c80a1d0d96d3bb39837bfa50c16257b8e6ef037455a9b383fbd,0.003799960,0.082526641,0000
796,001a,0010,e3b0c44298fc1c149afbf4c8996fb92427ae41e4649b934ca495991b7852b855,7f8beb26936d43f46cfdfcac91c2508763070a7a2b8f7e6127a3e9118f69bb50,1322d8b6b6c3f645b381626ef73173b73b0c0a2996f5c08ee601c95ee164566d,c5e536361221d6cc36d7fba4254a2e8a0a560ac6eb7c00cc979a4ab70faa3ae5,972f73882045ed27f2c061c49cca4a02ef3d64021746714086aab3fed96a53a0,26ec4021e615be5b2de99a82ec665446527db2d9c9735806e245848c74a6af0b,650cfaba89b212c5627022799a107ab34c58f6fbfc3d091fd0cafce870064951,5e410d21975fb489c0f4af2267dd0f1dae611ec7126d27ac4ac97311a515e0d1,0.003787977,0.082175524,0000
797,001a,0010,e3b0c44298fc1c149afbf4c8996fb92427ae41e4649b934ca495991b7852b855,2f38a60d13e37ff23390e179c014cec7b0930b7b2abccbb036568ff507de75a1,9812e58c296681521da5d7cc51cbd7b1cdd5d0feb30191f9a127ab028faea474,c5e536361221d6cc36d7fba4254a2e8a0a560ac6eb7c00cc979a4ab70faa3ae5,972f73882045ed27f2c061c49cca4a02ef3d64021746714086aab3fed96a53a0,26ec4021e615be5b2de99a82ec665446527db2d9c9735806e245848c74a6af0b,58f7d7da985a2818215314e7dabd95002cc14f953ad559fe3febdc846d09d8b8,eef8d31d99e619e28ae72742dada5147d252db6877b238fa4919647c4fd11555,0.003756107,0.082209285,0000
798,001a,0010,e3b0c44298fc1c149afbf4c8996fb92427ae41e4649b934ca495991b7852b855,97ae27bba715fde390eea09d8236f809afdc1aa73f520494341729f959e5bf6d,96d7a8195595a997c1b867e9b781831a4bc7cf6a90fd844e02f6f7f177f9bd22,c5e536361221d6cc36d7fba4254a2e8a0a560ac6eb7c00cc979a4ab70faa3ae5,972f73882045ed27f2c061c49cca4a02ef3d64021746714086aab3fed96a53a0,26ec4021e615be5b2de99a82ec665446527db2d9c9735806e245848c74a6af0b,20d6b45fac22082173da36f30f2bd089482ef482bc162b341603bb573a8b5453,1d547e39f6298afc3c33f939078a63f240e396df0cfb2c19bc8c733e05da3935,0.003771933,0.082188405,0000
799,001a,0010,e3b0c44298fc1c149afbf4c8996fb92427ae41e4649b934ca495991b7852b855,cacc73174995211b33cad68e617da06ec7f983fc8f795a28982ebff6081975d0,e6c82fa5ad4607454878b44f710137c9c29284186bbf1521f96a6cf0cf729cab,c5e536361221d6cc36d7fba4254a2e8a0a560ac6eb7c00cc979a4ab70faa3ae5,972f73882045ed27f2c061c49cca4a02ef3d64021746714086aab3fed96a53a0,26ec4021e615be5b2de99a82ec665446527db2d9c9735806e245848c74a6af0b,32f600f8af461a2b25de9cd89669f2771ceb5b05da6b66f98dedb885811a837d,aab623ec88eca5f001c25571712b95cfa65471b3e25897e8fa936c45da9b8ae0,0.003719612,0.082264537,0000
800,001a,0010,e3b0c44298fc1c149afbf4c8996fb92427ae41e4649b934ca495991b7852b855,5e996daa6dcb872020b72656286e0f849a5be9a4421b311790b366a686cb6402,d039eba2c06ca29fde29115bdb0de107907bf51916239683d8e289369dd45582,c5e536361221d6cc36d7fba4254a2e8a0a560ac6eb7c00cc979a4ab70faa3ae5,972f73882045ed27f2c061c49cca4a02ef3d64021746714086aab3fed96a53a0,26ec4021e615be5b2de99a82ec665446527db2d9c9735806e245848c74a6af0b,8ada4056961c7b056f9746472e8eaf4293da3ce55b48fcf86f3cb2f8358c3c67,89642d0208e7d510eb308afed82bbbf8f240beb087d5db476c1e5bfe55f3e20b,0.003764783,0.082210990,0000
801,001a,0010,e3b0c44298fc1c149afbf4c8996fb92427ae41e4649b934ca495991b7852b855,434132088de5cfb81ee84ec613fa744eb91a530c1aefc2819579e43e5e0d3986,79c1cfec8203babdd04a0f06905ebbf632b8589b5aa23c25b98ff1501a86e85b,c5e536361221d6cc36d7fba4254a2e8a0a560ac6eb7c00cc979a4ab70faa3ae5,972f73882045ed27f2c061c49cca4a02ef3d64021746714086aab3fed96a53a0,26ec4021e615be5b2de99a82ec665446527db2d9c9735806e245848c74a6af0b,7cba0763747b932d2afe1cdef701eba28a07b1a3489bd57e9b8e249f70d3e1da,b536611cf78b865260318327f9aaf2c0541d3fdd59ab30cc4bae6fbb292c905e,0.003789302,0.082212087,0000
802,001a,0010,e3b0c44298fc1c149afbf4c8996fb92427ae41e4649b934ca495991b7852b855,4fd63e148cc6ee2d4fee8e866b8058004e8db1ba003d4a970761d629eae532dc,57fa564620da04d5657e45cae69d9206460ca9b5842e6ac05dd7d8115de00d36,c5e536361221d6cc36d7fba4254a2e8a0a560ac6eb7c00cc979a4ab70faa3ae5,972f73882045ed27f2c061c49cca4a02ef3d64021746714086aab3fed96a53a0,26ec4021e615be5b2de99a82ec665446527db2d9c9735806e245848c74a6af0b,2762ce32af1a9028fa1d5772f1f7e62da86f793966b8717f64d41fab43be66da,e731fdd6a76f820f64e115105be04eba7289073e037dab9773cf7152a52a418f,0.003761579,0.082191135,0000
803,001a,0010,e3b0c44298fc1c149afbf4c8996fb92427ae41e4649b934ca495991b7852b855,a4e7325c95ac3b9fe138a380bc45cae82d92a11639e44126d695a559ed427555,5ec7419deb17e2ecf51eff2b9812c34449b9e3b7ec44a092d58d1756dbfd8f1f,c5e536361221d6cc36d7fba4254a2e8a0a560ac6eb7c00cc979a4ab70faa3ae5,972f73882045ed27f2c061c49cca4a02ef3d64021746714086aab3fed96a53a0,26ec4021e615be5b2de99a82ec665446527db2d9c9735806e245848c74a6af0b,dd1f1ab0cd0bfe65b139faa2046898af2c5a01f5c0ba354491ba6ae0d249eb41,b4b662376d49f162f64872f6648e6fb7e2409f89526519cf5c9d7ee6c6821e04,0.003804231,0.082195462,0000
804,001a,0010,e3b0c44298fc1c149afbf4c8996fb92427ae41e4649b934ca495991b7852b855,ec6415464c600946920fe60e72fc2f65c2becba12dd102c0b5a22288b7e08919,db148d3f222b3cac90ee5077073c85b8faca5f8cbddad41b473a85c6937a3b8a,c5e536361221d6cc36d7fba4254a2e8a0a560ac6eb7c00cc979a4ab70faa3ae5,972f73882045ed27f2c061c49cca4a02ef3d64021746714086aab3fed96a53a0,26ec4021e615be5b2de99a82ec665446527db2d9c9735806e245848c74a6af0b,fd06fb750ca5d49451dac632e56ee76e54b0bb3588815d0afbf278cd1e11e8b3,51ebbeb2f52362e9fa1bf733be10ff25d80bc74381d302b104b4221f0db0c22d,0.003768537,0.082195559,0000
805,001a,0010,e3b0c44298fc1c149afbf4c8996fb92427ae41e4649b934ca495991b7852b855,ad85db1996abb81382d771d665284276a5d653b0abd28ccf6546a653dcc30ddb,4d11f83d312fca4d9496dc58b453ddcfd093c595a5b6e3f6f144539fd8c531a3,c5e536361221d6cc36d7fba4254a2e8a0a560ac6eb7c00cc979a4ab70faa3ae5,972f73882045ed27f2c061c49cca4a02ef3d64021746714086aab3fed96a53a0,26ec4021e615be5b2de99a82ec665446527db2d9c9735806e245848c74a6af0b,6a54cae51f49f09f470ad946a48b12ee9993875e01d1a08c40721cc29538352b,687bc3e8c4b25ebc4cf192f2d93744c5f812b47fffbe83325b3108617bee2f7f,0.003776074,0.082203109,0000
806,001a,0010,e3b0c44298fc1c149afbf4c8996fb92427ae41e4649b934ca495991b7852b855,d8976f33f48ded4833e04dfecbe236bad01ae630fbcabd8048db790b4a1e19c3,61999a54aca9980994b9685f2376ead30882811cf317ddc29005b8f26a53f7b5,c5e536361221d6cc36d7fba4254a2e8a0a560ac6eb7c00cc979a4ab70faa3ae5,972f73882045ed27f2c061c49cca4a02ef3d64021746714086aab3fed96a53a0,26ec4021e615be5b2de99a82ec665446527db2d9c9735806e245848c74a6af0b,4dfa05a4d8cc8df1d59c8bbf3c01c665381d30555b558af20953d91c7f7cfe83,49d422c5bc21f90a75a755f4067071869d698458d36d063af60436ffed9d280c,0.003753737,0.082178886,0000
807,001a,0010,e3b0c44298fc1c149afbf4c8996fb92427ae41e4649b934ca495991b7852b855,6e10bf9d37cda1fe6cdf96002b7554cd549a4a462b12b175a95b0d9e1b5dc1d3,4050d8cd1d782b6fda0710313006f7eb117eb98ff66aecd836fc44402b79a34e,c5e536361221d6cc36d7fba4254a2e8a0a560ac6eb7c00cc979a4ab70faa3ae5,972f73882045ed27f2c061c49cca4a02ef3d64021746714086aab3fed96a53a0,26ec4021e615be5b2de99a82ec665446527db2d9c9735806e245848c74a6af0b,e674e3d6cb35db134d4a722963b0335156978b115fc7cd573e641a55756627b5,a79cf0e838bb8090fc13f2bfff532baab80be945cea0a86b9bb3775d1dc40948,0.003745095,0.082275908,0000
808,001a,0010,e3b0c44298fc1c149afbf4c8996fb92427ae41e4649b934ca495991b7852b855,4f30b45b5f489d76998b3e62ce76378e946440959bc855ec638c0904b6637a51,9d4401735173cbd434d4df44197aea1e28772ccec7851fd0d4d801e379e7f2b8,c5e536361221d6cc36d7fba4254a2e8a0a560ac6eb7c00cc979a4ab70faa3ae5,972f73882045ed27f2c061c49cca4a02ef3d64021746714086aab3fed96a53a0,26ec4021e615be5b2de99a82ec665446527db2d9c9735806e245848c74a6af0b,c1eea20210785f8752bdf6d961e304ac9d9293bb84701931697baaee64fa5543,c85a7eb08d22bdf4787241be9f6f19ea450a2bc9e08167680e92be08689cffa2,0.003795315,0.082181298,0000
809,001a,0010,e3b0c44298fc1c149afbf4c8996fb92427ae41e4649b934ca495991b7852b855,b494bc1991e87f584fdcbdfa33744abbd100e5da410cb28dba2bebc132513b7b,e803060d409380a07ef23889863a50a5e1e3867b5bfd103d0e752f5fb7eb3da3,c5e536361221d6cc36d7fba4254a2e8a0a560ac6eb7c00cc979a4ab70faa3ae5,972f73882045ed27f2c061c49cca4a02ef3d64021746714086aab3fed96a53a0,26ec4021e615be5b2de99a82ec665446527db2d9c9735806e245848c74a6af0b,e98b8739968a9473616bd97169a73b2834e1d7eec81833f6efd851b87665c924,81c80adb28ba9d4f2c9b88e0b08c49313326251008e508d08d68f67cf34125d6,0.003807920,0.082170931,0000
810,001a,0010,e3b0c44298fc1c149afbf4c8996fb92427ae41e4649b934ca495991b7852b855,77b88ea2639aba40f3eb09e87ac9d984e5f1536b524cc64ffe5ab9290bc6bac9,d60c380c327c1e67e46c03589285bd38af8a13d6e29d5d86e9f8d53348301c9f,c5e536361221d6cc36d7fba4254a2e8a0a560ac6eb7c00cc979a4ab70faa3ae5,972f73882045ed27f2c061c49cca4a02ef3d64021746714086aab3fed96a53a0,26ec4021e615be5b2de99a82ec665446527db2d9c9735806e245848c74a6af0b,6bb0e52fc40d4fe68fd1e72a80c921f0069727f683a2aa52d5185e1ee00c05f5,e0dc2a7327369b6c351f634c8e46e52659d04fa8d783945725cc3d4c865f266b,0.003725910,0.082186514,0000
811,001a,0010,e3b0c44298fc1c149afbf4c8996fb92427ae41e4649b934ca495991b7852b855,922d8e8abc0461f84fe94665d73ac495280da97e093c6c3737071217ac44cff2,7277e054d498aa9b73ed8cf805799f5067e00d186d595c0867a1ba349f1099da,c5e536361221d6cc36d7fba4254a2e8a0a560ac6eb7c00cc979a4ab70faa3ae5,972f73882045ed27f2c061c49cca4a02ef3d64021746714086aab3fed96a53a0,26ec4021e615be5b2de99a82ec665446527db2d9c9735806e245848c74a6af0b,c0f4a74f34648be7bd6ba4f185fbc924f20fe5fefb30afbe078e0ebb5b19f3d5,ee72a48c4755ecc2d74ae015f773cc0e4b12255f9fca287a612856cfaa2987da,0.003793219,0.082228070,0000
812,001a,0010,e3b0c44298fc1c149afbf4c8996fb92427ae41e4649b934ca495991b7852b855,fa63a60196f9e26e9c814e4315663d88a1ca8c9bf93807ebd57e744f59489c9b,faf04d9e58645a423efc306cda2cd099bf9ef9f79de1e07c013413db158f6c02,c5e536361221d6cc36d7fba4254a2e8a0a560ac6eb7c00cc979a4ab70faa3ae5,972f73882045ed27f2c061c49cca4a02ef3d64021746714086aab3fed96a53a0,26ec4021e615be5b2de99a82ec665446527db2d9c9735806e245848c74a6af0b,fb6474332483b1eda4049d83c6b5ddaa80d2cb11e70ae8356262ca49a67fd8be,28ef65d7e9559de06ccaea4deb6965624f38fc6969cc242fba4b75566f34534e,0.003748676,0.082244330,0000
813,001a,0010,e3b0c44298fc1c149afbf4c8996fb92427ae41e4649b934ca495991b7852b855,c0de68c5041bfeb90a5b53c66a993909bb2c93031786060cf60c1042d74bf61f,da5b9791c3d223b47e8328bc509ad30008fc2efd8cb2f2bba098f39d0497e5db,c5e536361221d6cc36d7fba4254a2e8a0a560ac6eb7c00cc979a4ab70faa3ae5,972f73882045ed27f2c061c49cca4a02ef3d64021746714086aab3fed96a53a0,26ec4021e615be5b2de99a82ec665446527db2d9c9735806e245848c74a6af0b,f2233373cac8d614435bcbc50f7ba52e745cc95a0f84a593e2928242210c72ca,729a8118807b9e468d406829a9a376bb8c89fd1edb0ea0dfc7899da915f3be97,0.003798052,0.082228807,0000
814,001a,0010,e3b0c44298fc1c149afbf4c8996fb92427ae41e4649b934ca495991b7852b855,9b42fc22c4c1f3a8ba090c20df386c4d3814a9719bbbc3d936a3680b33f58fb1,9ec7398acebfa3e4d42f3b7e88dc16fcb54ae6ba24509be724350c40d0aa3a75,c5e536361221d6cc36d7fba4254a2e8a0a560ac6eb7c00cc979a4ab70faa3ae5,972f73882045ed27f2c061c49cca4a02ef3d64021746714086aab3fed96a53a0,26ec4021e615be5b2de99a82ec665446527db2d9c9735806e245848c74a6af0b,ce7fa114925768aa8fdc22df04c24dae3d0e2afac88768d0d957050e107de2da,491eb56acea894cd79102688520dd1ca8f18ca3568a2d7c71bb5727afa7ea745,0.003775621,0.082145364,0000
815,001a,0010,e3b0c44298fc1c149afbf4c8996fb92427ae41e4649b934ca495991b7852b855,249208401d5a9120e1140801a4484349ff4524dfb385929005326d5d8c253e18,b798c0d68e42bf4b4c623683d73ca8e8079d3afa87ee11a05557555f1df1686d,c5e536361221d6cc36d7fba4254a2e8a0a560ac6eb7c00cc979a4ab70faa3ae5,972f73882045ed27f2c061c49cca4a02ef3d64021746714086aab3fed96a53a0,26ec4021e615be5b2de99a82ec665446527db2d9c9735806e245848c74a6af0b,74c130e43a6992ad615a55a9b6e9056af3e9b174e9265f176bdfcc93fdf154e7,155bef8991283cadbd82438009889b85bc5d65dee1652bf6d1fd07480c6dc1e5,0.003828392,0.082206690,0000
816,001a,0010,e3b0c44298fc1c149afbf4c8996fb92427ae41e4649b934ca495991b7852b855,6a0d8f3e700e91b5745c4c47a32a91e76ad535d682b113ce72f2d252c6a90fdf,2a9da40f929e6209888be2a5c7685d306cf407af852dd3cc844557050cc1eb5d,c5e536361221d6cc36d7fba4254a2e8a0a560ac6eb7c00cc979a4ab70faa3ae5,972f73882045ed27f2c061c49cca4a02ef3d64021746714086aab3fed96a53a0,26ec4021e615be5b2de99a82ec665446527db2d9c9735806e245848c74a6af0b,1c7bd08498fbd2c5c9de0f98fd41ed37f0dad2fb4952e69c2c47d6b043d6e303,9226eb44ba1daeaceb0146b1fbb4a422869696606027c6a6516ce32a55c412b0,0.003791501,0.082120806,0000
817,001a,0010,e3b0c44298fc1c149afbf4c8996fb92427ae41e4649b934ca495991b7852b855,20eac36c7b87f2230e120f40887f41244577763e36b390d39dd61c18048c7555,4ac2903a0331cce586924c4e1c303b9e12f6632ed966e153017a92e78e866dad,c5e536361221d6cc36d7fba4254a2e8a0a560ac6eb7c00cc979a4ab70faa3ae5,972f73882045ed27f2c061c49cca4a02ef3d64021746714086aab3fed96a53a0,26ec4021e615be5b2de99a82ec665446527db2d9c9735806e245848c74a6af0b,fc8171ee317ec696cc65da9285cb4ada0072ed89e84e80dddc22a1afac493a14,708899de6ec9a515e6aa22665a62c03a6f7856d44cf92ae9b5e8984be8e47567,0.003764056,0.082219652,0000
818,001a,0010,e3b0c44298fc1c149afbf4c8996fb92427ae41e4649b934ca495991b7852b855,d16900aadf3ac5c18a9c89a8a504e9ddd3a484f871d9a2bb0d5b8f11a3269e51,23c1324a5750a181058d2025fa5dfb1daf66417bb5554b9039dd89cf75ca0e27,c5e536361221d6cc36d7fba4254a2e8a0a560ac6eb7c00cc979a4ab70faa3ae5,972f73882045ed27f2c061c49cca4a02ef3d64021746714086aab3fed96a53a0,26ec4021e615be5b2de99a82ec665446527db2d9c9735806e245848c74a6af0b,9309d4dcd17cd1074f69c8f971f8d3326606ee46bb582489c785a11df3dcccdb,08d362c287dce1b01a395ac2ec27cf75e668e05667c577bb241e976ce9a71af3,0.003732704,0.082190423,0000
819,001a,0010,e3b0c44298fc1c149afbf4c8996fb92427ae41e4649b934ca495991b7852b855,32cf4deca31b38531ff029db4f82eb03427a0cda6eb149c1ad29368650cbd0ec,8bb42cd125c62a1ba02729ab7b5120ec84454230f1cda25cadadec18c0471a85,c5e536361221d6cc36d7fba4254a2e8a0a560ac6eb7c00cc979a4ab70faa3ae5,972f73882045ed27f2c061c49cca4a02ef3d64021746714086aab3fed96a53a0,26ec4021e615be5b2de99a82ec665446527db2d9c9735806e245848c74a6af0b,8205f7135e58baec9d3105ac1400968af904f382cc02a43d6d9d41296651b4f2,526ff5d18827ee9c128c6c638e384d51cddd6e50cc7aa65c4b661dd83084a09d,0.003789747,0.082231232,0000
820,001a,0010,e3b0c44298fc1c149afbf4c8996fb92427ae41e4649b934ca495991b7852b855,a77e13b7c33c8fb99cdbc563f447db73d834f334cf406356b1ee058f05cb7d21,3dea545e7bb2ba919bb0d76b5dfacd32cc8a37503004b68e936ef51f72c0f993,c5e536361221d6cc36d7fba4254a2e8a0a560ac6eb7c00cc979a4ab70faa3ae5,972f73882045ed27f2c061c49cca4a02ef3d64021746714086aab3fed96a53a0,26ec4021e615be5b2de99a82ec665446527db2d9c9735806e245848c74a6af0b,249561c4c7153982baecdfe0d27ad0e23adc818f1b6ca39bc741a10076d684cc,6886345c0979f6cfec861521c298cd6b09be7630a0a409535df2174d74e57f63,0.003778958,0.082189942,0000
821,001a,0010,e3b0c44298fc1c149afbf4c8996fb92427ae41e4649b934ca495991b7852b855,676775b642bc4ed8da8bea6d22c4e4564c843d7812885fa5e2ce318c4277eddb,312b7d9f53b8c5c25841925a9ec9ff9760989a2b6b7bb2c01044f94bd2a464c2,c5e536361221d6cc36d7fba4254a2e8a0a560ac6eb7c00cc979a4ab70faa3ae5,972f73882045ed27f2c061c49cca4a02ef3d64021746714086aab3fed96a53a0,26ec4021e615be5b2de99a82ec665446527db2d9c9735806e245848c74a6af0b,b135df6a1614bdeaa0ee8595a3457384a50338ca480217332c3a7588a38facee,72c2104f864f16f33d44953ed710cb2ec34222b492e8916384e54bec75b37bba,0.003777753,0.082208442,0000
822,001a,0010,e3b0c44298fc1c149afbf4c8996fb92427ae41e4649b934ca495991b7852b855,697ba7706d98de9e46b76e1d27aac2aeb2567cc402dd85ac1c99975693ea13a3,f93edce74f18fb135f2b5b2459e279a9a91c09acfef29ca23e1a2be306225cfc,c5e536361221d6cc36d7fba4254a2e8a0a560ac6eb7c00cc979a4ab70faa3ae5,972f73882045ed27f2c061c49cca4a02ef3d64021746714086aab3fed96a53a0,26ec4021e615be5b2de99a82ec665446527db2d9c9735806e245848c74a6af0b,770976fb8733922791eaa57acd57ef995b5d5092f6b7cfb28855af7d75d88f70,71fdbe53a4227535e391cbe30e44c2edbd28d8fc598a2b234f09d566f77cf617,0.003600858,0.082178234,0000
823,001a,0010,e3b0c44298fc1c149afbf4c8996fb92427ae41e4649b934ca495991b7852b855,cedac305c0898d0d4d737b20381830e7b1f4ed46c44fd98f0d2e1053fbd4e9c1,c8cfc0303d5117e05d1c151db881420ebf24b8f5954ef11deb9438da11990c12,c5e536361221d6cc36d7fba4254a2e8a0a560ac6eb7c00cc979a4ab70faa3ae5,972f73882045ed27f2c061c49cca4a02ef3d64021746714086aab3fed96a53a0,26ec4021e615be5b2de99a82ec665446527db2d9c9735806e245848c74a6af0b,b5559b3da9d1279c90dda7478f45cf75a4ca8879d3ce3356f0e94d2f25ce8b4e,3019609bffc9bf37b181d4e1d9fd160fea83ea5fa5e4164e051c41330fe0d8e1,0.003737408,0.082372092,0000
824,001a,0010,e3b0c44298fc1c149afbf4c8996fb92427ae41e4649b934ca495991b7852b855,cb1fade2828fdd099480cca24694d33f4fbbb47fc88cb296493c92998deb6713,0cb108b00a49074d1e3a651a89cfd206e3f425cc50f489ccc2ee97e7486553ad,c5e536361221d6cc36d7fba4254a2e8a0a560ac6eb7c00cc979a4ab70faa3ae5,972f73882045ed27f2c061c49cca4a02ef3d64021746714086aab3fed96a53a0,26ec4021e615be5b2de99a82ec665446527db2d9c9735806e245848c74a6af0b,234625ac0dd72302830b154cff32f2739c534fa036586fed588f60fc43d81ecc,7c25d0af836b08a88f2e85272bdb7abdc8f22c379edec2b4c40482c01262466e,0.003699580,0.082231717,0000
825,001a,0010,e3b0c44298fc1c149afbf4c8996fb92427ae41e4649b934ca495991b7852b855,26146a37a22b326bc449b306ee13f8fd64e85b9aba71dafc558ffb58b1c23516,994d84c3e04d2e1b4cd1388d7ffa49594cebd467c8513b1766a0af0490ddc7ef,c5e536361221d6cc36d7fba4254a2e8a0a560ac6eb7c00cc979a4ab70faa3ae5,972f73882045ed27f2c061c49cca4a02ef3d64021746714086aab3fed96a53a0,26ec4021e615be5b2de99a82ec665446527db2d9c9735806e245848c74a6af0b,2994c44380dc7d915aa42fc05cdb0878ab5a92f344016006551860154c48cc28,973d1c48fc9d6722f211b051751560339a4c2bf27382295dbe59d1768158698e,0.003750340,0.082327949,0000
826,001a,0010,e3b0c44298fc1c149afbf4c8996fb92427ae41e4649b934ca495991b7852b855,d9e6afa9960cddd7544e80078356a68187ae5f65549461549c54085c76a7910f,ba05cd636f1b8e34afcee46a18ebe775c210a24dff8863a1300badbc2330f34d,c5e536361221d6cc36d7fba4254a2e8a0a560ac6eb7c00cc979a4ab70faa3ae5,972f73882045ed27f2c061c49cca4a02ef3d64021746714086aab3fed96a53a0,26ec4021e615be5b2de99a82ec665446527db2d9c9735806e245848c74a6af0b,a224cf000cac66016b38302fcc7992f95010ad0aca70353566335de79bdada7f,1fc5ae89a4e24fac912b6c6663b90a1ec2444460edd2643d90d720056ec18988,0.003789860,0.082194765,0000
827,001a,0010,e3b0c44298fc1c149afbf4c8996fb92427ae41e4649b934ca495991b7852b855,baebf231bdab070484dfd6c698b69151afda9f5477bdafe57c7ca4c1fe6e24a3,ac6b6271bd233d98d4e49dd51eacdafbe717f4846097fd97c65fd0c8668b2493,c5e536361221d6cc36d7fba4254a2e8a0a560ac6eb7c00cc979a4ab70faa3ae5,972f73882045ed27f2c061c49cca4a02ef3d64021746714086aab3fed96a53a0,26ec4021e615be5b2de99a82ec665446527db2d9c9735806e245848c74a6af0b,74b29e735d2ef0d58b3a23b7b617180961d2eb929c80f8e49f633272f67d2e4c,ffec08222193947e476553498089c6a6683a8b1b1271b80ea7f985c4eec6c56f,0.003764794,0.082195766,0000
828,001a,0010,e3b0c44298fc1c149afbf4c8996fb92427ae41e4649b934ca495991b7852b855,4aaa52493f120704737326b60d7f065581f8df7b7b6fd029d5068f1e990c238e,001c59cc929e3466aa02411530402abbea181b6f7bbc7214f0e18f5ccf601490,c5e536361221d6cc36d7fba4254a2e8a0a560ac6eb7c00cc979a4ab70faa3ae5,972f73882045ed27f2c061c49cca4a02ef3d64021746714086aab3fed96a53a0,26ec4021e615be5b2de99a82ec665446527db2d9c9735806e245848c74a6af0b,a2dc6e4a6571af484ad3b97ec6e63576a2b164a1c95546ff978e8782dbd9b485,889be15a06dfe066433bf9651e7cbebc6d009cfa116f422f759e2ef00cb055bd,0.003718305,0.082214178,0000
829,001a,0010,e3b0c44298fc1c149afbf4c8996fb92427ae41e4649b934ca495991b7852b855,4d46c300223478d945c8304d22a06811cfc7099e94c8ec232077587a59117c5c,21f7f2b30e7049bf991e9881415b07b6dca75b15daabdda02668a0bcf93aeabb,c5e536361221d6cc36d7fba4254a2e8a0a560ac6eb7c00cc979a4ab70faa3ae5,972f73882045ed27f2c061c49cca4a02ef3d64021746714086aab3fed96a53a0,26ec4021e615be5b2de99a82ec665446527db2d9c9735806e245848c74a6af0b,8d95665bdb9bec46c0479e5beefd2ae4bf30243ec37d24a247bfb2de499ff2ca,2292bdec41ced7e3d9e0a584d4c8cd8d76f5e373b0eb28c34d6d35b03365d64b,0.003762704,0.082243226,0000
830,001a,0010,e3b0c44298fc1c149afbf4c8996fb92427ae41e4649b934ca495991b7852b855,7565d5eaea13db7998825912f975e8d49af9236d37c7e38668f4368881ba1b57,92fb9a3e68f1c7970eae90d38d4fab68ee79b5f6a5677514bdaef4ac28c19444,c5e536361221d6cc36d7fba4254a2e8a0a560ac6eb7c00cc979a4ab70faa3ae5,972f73882045ed27f2c061c49cca4a02ef3d64021746714086aab3fed96a53a0,26ec4021e615be5b2de99a82ec665446527db2d9c9735806e245848c74a6af0b,c08871484ddc51ca8de1b3c25e520549c541761170361667d46d9473d96d5eff,75cab4a63c984c707dfe05cb73348197835c4e13e0d6d3d6026aafa260f0a56e,0.003759157,0.082227342,0000
831,001a,0010,e3b0c44298fc1c149afbf4c8996fb92427ae41e4649b934ca495991b7852b855,3f1d36382e4cb171dbcae853b96e3bf70dfc2c0f4645dc1a0c81bdd681b6abfd,f7f67b542af44fdb1b44529afc8ce6d0f13d2f1f23283fb2b04c89cc9ac2b430,c5e536361221d6cc36d7fba4254a2e8a0a560ac6eb7c00cc979a4ab70faa3ae5,972f73882045ed27f2c061c49cca4a02ef3d64021746714086aab3fed96a53a0,26ec4021e615be5b2de99a82ec665446527db2d9c9735806e245848c74a6af0b,2e0cf70289da0570b136ebe0c263093ad631a3977035501931cad7a5d7c9aa45,173e3fa126c0f0e7cb10245f8a0fd2c2e9ba95352300794b497cec0051442418,0.003778410,0.082204470,0000
832,001a,0010,e3b0c44298fc1c149afbf4c8996fb92427ae41e4649b934ca495991b7852b855,ef26c82f10a516d8b1885d7196677607367b3d998bb21fbf1edc1a7fa1d01317,f2b3b3598583c97d4eb439607036b8e2bb66fa76f1c5743642d49fe2e067b52c,c5e536361221d6cc36d7fba4254a2e8a0a560ac6eb7c00cc979a4ab70faa3ae5,972f73882045ed27f2c061c49cca4a02ef3d64021746714086aab3fed96a53a0,26ec4021e615be5b2de99a82ec665446527db2d9c9735806e245848c74a6af0b,ea3eba1f5b0643dbc86c1838185c991f9598d88bf4f5322c0ad5362ddac4c3d4,340956eb2f1f5e0d4e1c3417f67444851ddeaec8792a14375d80c7108e44cf8c,0.003796802,0.082181599,0000
833,001a,0010,e3b0c44298fc1c149afbf4c8996fb92427ae41e4649b934ca495991b7852b855,fdae68e3ddae3d0096432a50fe9f6fd4adc428ad0581b924080b82e6c4b35bf6,59fad43d25f38161e469579ac10d286d97857f1162b47d5ccb34e737f15bc286,c5e536361221d6cc36d7fba4254a2e8a0a560ac6eb7c00cc979a4ab70faa3ae5,972f73882045ed27f2c061c49cca4a02ef3d64021746714086aab3fed96a53a0,26ec4021e615be5b2de99a82ec665446527db2d9c9735806e245848c74a6af0b,f24414339aa0db376f3405521094deff3a65952c6ad159824ecd811c84f3d73e,4da13d1c5ae57173373daa7e792cb0654d7c4813f2d845ae04497ba88da00785,0.003727039,0.082191744,0000
834,001a,0010,e3b0c44298fc1c149afbf4c8996fb92427ae41e4649b934ca495991b7852b855,d16afa916926a9f064472123a562d383cf84e28f13730c8794f286f6f4443124,f8fec9a1554c74dbe856b66b2bff8b13f34a6227c18b33c80daee14b068d0e3c,c5e536361221d6cc36d7fba4254a2e8a0a560ac6eb7c00cc979a4ab70faa3ae5,972f73882045ed27f2c061c49cca4a02ef3d64021746714086aab3fed96a53a0,26ec4021e615be5b2de99a82ec665446527db2d9c9735806e245848c74a6af0b,9ff2ddde37ead6395cff8416a48fb1d10d5c8caf8d7cfbc9bd0f6743db9f1b52,f66e483b21b042f7aea76a81b84a57a5bc61123fce157d51c870eb55e937243d,0.003774427,0.082253649,0000
835,001a,0010,e3b0c44298fc1c149afbf4c8996fb92427ae41e4649b934ca495991b7852b855,4d9bc8fa92ad7a6ffb341ed854b3149b7fb03628d3544d845bf3675b94da6cef,6f5b91b67553432a2cdee64cf408e35a39203a98366378171e074c67413c6b95,c5e536361221d6cc36d7fba4254a2e8a0a560ac6eb7c00cc979a4ab70faa3ae5,972f73882045ed27f2c061c49cca4a02ef3d64021746714086aab3fed96a53a0,26ec4021e615be5b2de99a82ec665446527db2d9c9735806e245848c74a6af0b,1ff0eb7add16e6d1c992109f9f2fcd63888c1091dc5bcb673d9a1ca2f77757fe,f84020f6b5401dff18b135e29dee25fa4eddc1033c1161e9e9183fa766b04b93,0.003752891,0.082179901,0000
836,001a,0010,e3b0c44298fc1c149afbf4c8996fb92427ae41e4649b934ca495991b7852b855,2c9273c7d1d63e6f3a668273c4b535b01ea978473bacfcec29610d5ed59caf88,8a4d1286cef4c4342be100363bce470feabc1b93d65bcd9e40c374e84be11731,c5e536361221d6cc36d7fba4254a2e8a0a560ac6eb7c00cc979a4ab70faa3ae5,972f73882045ed27f2c061c49cca4a02ef3d64021746714086aab3fed96a53a0,26ec4021e615be5b2de99a82ec665446527db2d9c9735806e245848c74a6af0b,cc12cffce25a5c138b089665519049032e16456ac901de389fcc8112239f1f38,fa14a47b127ff98b65828dccc7f64521e9a80da6651c6a64aa1f2f28805fec1f,0.003780071,0.082237108,0000
837,001a,0010,e3b0c44298fc1c149afbf4c8996fb92427ae41e4649b934ca495991b7852b855,80e959bf659fba4cf53edadc87f599fa5c35bf23913e54c60b273ad9e817e20b,bcd0d01ec69a7bfb6b65b0a6c10c5e86c0f4e2dfaa9d0595d7b1b7732d005d5a,c5e536361221d6cc36d7fba4254a2e8a0a560ac6eb7c00cc979a4ab70faa3ae5,972f73882045ed27f2c061c49cca4a02ef3d64021746714086aab3fed96a53a0,26ec4021e615be5b2de99a82ec665446527db2d9c9735806e245848c74a6af0b,ceb0f2128bef3c42229f5d3b5fd2ab5ac178e53d5e889ae4bed435fb8248cceb,8270ad855cd15fd78fb037dd7e7e5b9099303ea1f2438ba0fb02b18431744338,0.003766276,0.082169584,0000
838,001a,0010,e3b0c44298fc1c149afbf4c8996fb92427ae41e4649b934ca495991b7852b855,db1d8532d5122c2c42fa9c162e6e1578b38cfea755bbd8c5d466e95d762dd021,45e834fd816d31819c73a7fb6a506361eecb0c2de4f5b23eb252e4911e2eebc0,c5e536361221d6cc36d7fba4254a2e8a0a560ac6eb7c00cc979a4ab70faa3ae5,972f73882045ed27f2c061c49cca4a02ef3d64021746714086aab3fed96a53a0,26ec4021e615be5b2de99a82ec665446527db2d9c9735806e245848c74a6af0b,90c28f9ec58feedf61f302fba7daa1c6d30583d0bdcab13107b958c0bb23edcc,ef9c2b7f843dfb371b85e1f9c4fb16258cddce912aa93b73f7ccbf3834f2a08f,0.003720369,0.082278334,0000
839,001a,0010,e3b0c44298fc1c149afbf4c8996fb92427ae41e4649b934ca495991b7852b855,9cad3dd7377c44ab0f5fefa58994543934b8e3e58878a68fe48f2a66217b8f57,f8cefd1153a7ba84c578d7d0d3fd7656f2c1aea81bd309813eef4f1b38c7d766,c5e536361221d6cc36d7fba4254a2e8a0a560ac6eb7c00cc979a4ab70faa3ae5,972f73882045ed27f2c061c49cca4a02ef3d64021746714086aab3fed96a53a0,26ec4021e615be5b2de99a82ec665446527db2d9c9735806e245848c74a6af0b,e262a8762abfcbeb146524d1016658b0f22310ae8d743ebcf66dd2ab1658fca3,bff3845441bd079bd1ebcba0899e457e8ceaebb2f37f7ec4b5bd631c877e62e3,0.003761576,0.082225036,0000
840,001a,0010,e3b0c44298fc1c149afbf4c8996fb92427ae41e4649b934ca495991b7852b855,11f8b3059651f341f727cc39e04771b163d8ea866eedc61fca86b9cae63f47ce,e58554732f631104fb610d2163309f1d1499fb9ffb30e7649c7a9d2d5611cc18,c5e536361221d6cc36d7fba4254a2e8a0a560ac6eb7c00cc979a4ab70faa3ae5,972f73882045ed27f2c061c49cca4a02ef3d64021746714086aab3fed96a53a0,26ec4021e615be5b2de99a82ec665446527db2d9c9735806e245848c74a6af0b,53f9671093595e0c287a565719116ad4b8ece93cd63ef7f0fb497fd59f560051,007204bd0667e5c2c8bfef499be4c39335e1ab67ecf334789d7a5ff7887a0b62,0.003726008,0.082245934,0000
841,001a,0010,e3b0c44298fc1c149afbf4c8996fb92427ae41e4649b934ca495991b7852b855,daae10e3975fa6e0ec6115ba740d3d334c8b75a41ca32ba1ad8b8a2146195b8c,9da71ec23c8ecf0f21dd34c2414e2b17039c754a339bda54dfa338332ea76c9a,c5e536361221d6cc36d7fba4254a2e8a0a560ac6eb7c00cc979a4ab70faa3ae5,972f73882045ed27f2c061c49cca4a02ef3d64021746714086aab3fed96a53a0,26ec4021e615be5b2de99a82ec665446527db2d9c9735806e245848c74a6af0b,7bcc6298524554fd5c56210f9bff47c1be65262f3000b44638f04211e3de073a,558b045f89474b4cc30230d0ee8243c91bedd90e9e7b5a9d908206c4b29660ca,0.003785624,0.082217927,0000
842,001a,0010,e3b0c44298fc1c149afbf4c8996fb92427ae41e4649b934ca495991b7852b855,ebb6522db81ddb2a484985a0e42bd3d721625a750bf3e06edc7bc92655936cda,8818dffdc2ffd45d54eea3e339f0ac17bb4e94f6adf47718530afe6f226bdc0c,c5e536361221d6cc36d7fba4254a2e8a0a560ac6eb7c00cc979a4ab70faa3ae5,972f73882045ed27f2c061c49cca4a02ef3d64021746714086aab3fed96a53a0,26ec4021e615be5b2de99a82ec665446527db2d9c9735806e245848c74a6af0b,ff5897d3a5c9c257770c74d56b844a4a585f620da51896305ffe0816a3200cf7,dde7b467b7a109f59939a7f74e85010dafa9da5d625b51faf48c1904ebab6ec3,0.003769766,0.082180875,0000
843,001a,0010,e3b0c44298fc1c149afbf4c8996fb92427ae41e4649b934ca495991b7852b855,43166a6fe2d810e409cb26ea210fbe49a186eaf070c416d35834ef6f1eb6fd74,ace945d63090b05a819189b6d1f83d4e3189ce5a8d433b0b33a619210ce4d595,c5e536361221d6cc36d7fba4254a2e8a0a560ac6eb7c00cc979a4ab70faa3ae5,972f73882045ed27f2c061c49cca4a02ef3d64021746714086aab3fed96a53a0,26ec4021e615be5b2de99a82ec665446527db2d9c9735806e245848c74a6af0b,80fe8bb3937fc74d4142bb2319f3c1a472913632b3f516b7b7dd9f9ccfa88bed,1ca18e550b3e48c6cd2ee74e182d4759138bd0a4cab678cfbd640bee5677b375,0.003790708,0.082239173,0000
844,001a,0010,e3b0c44298fc1c149afbf4c8996fb92427ae41e4649b934ca495991b7852b855,d0e5795beaac32c59064609cffdd136ea5c40ff5e0e0c5cba654f04c3cc53b81,15df21153180d1322cdee16e9c32c1886bfab960a5c8ee8109e4e70849fd76d9,c5e536361221d6cc36d7fba4254a2e8a0a560ac6eb7c00cc979a4ab70faa3ae5,972f73882045ed27f2c061c49cca4a02ef3d64021746714086aab3fed96a53a0,26ec4021e615be5b2de99a82ec665446527db2d9c9735806e245848c74a6af0b,4f09b6c4659cf16c1de911b2955bb3b0073efd462304128fdf4f95a2437b9579,c6720c973c9090434acc2a950054e6fd85536c451cea1f74b5d6e71aa4e07203,0.003811691,0.082169719,0000
845,001a,0010,e3b0c44298fc1c149afbf4c8996fb92427ae41e4649b934ca495991b7852b855,140150b92a2455f99bf9df3a065c5c48c2c2c0e483affbf541719cbbb2cd9cfc,7110a539393968cb1e9a15221657d4ccf9e7122b90243049de6d5930ee6fda15,c5e536361221d6cc36d7fba4254a2e8a0a560ac6eb7c00cc979a4ab70faa3ae5,972f73882045ed27f2c061c49cca4a02ef3d64021746714086aab3fed96a53a0,26ec4021e615be5b2de99a82ec665446527db2d9c9735806e245848c74a6af0b,918262c1772d0f56449a426b8b29806efe7e30ad35455c271072177776143a38,3ddb82c866ad7326f825d6aa754cb117fb42f7ff445441521486958a0d125a9b,0.003781851,0.082142986,0000
846,001a,0010,e3b0c44298fc1c149afbf4c8996fb92427ae41e4649b934ca495991b7852b855,51250fb72ee431f8dd3165b7307966c2d28e924204bce31107b04520ca0ac35b,b9b668f473d816d7273c4dbc9d23fb6c69d21b353f03893117e30d9aff07dd24,c5e536361221d6cc36d7fba4254a2e8a0a560ac6eb7c00cc979a4ab70faa3ae5,972f73882045ed27f2c061c49cca4a02ef3d64021746714086aab3fed96a53a0,26ec4021e615be5b2de99a82ec665446527db2d9c9735806e245848c74a6af0b,d885d853c730dcd4ccccb3d9e3dbcc18ce9f8559cad2930071a448f5ebca0a5e,a873ece1c494455f5bffe62051b0a23c4d8e2c9068286bcbcff38a3c9a3f2c52,0.003765388,0.082203880,0000
847,001a,0010,e3b0c44298fc1c149afbf4c8996fb92427ae41e4649b934ca495991b7852b855,166754356764716c2236400f5966c3939d502bfab0a59b3d299227bb282aa644,3d2a2fde93838d217f21df2ab2a5fbb9f2c1c28a9a2cd5a988f290ad28d05347,c5e536361221d6cc36d7fba4254a2e8a0a560ac6eb7c00cc979a4ab70faa3ae5,972f73882045ed27f2c061c49cca4a02ef3d64021746714086aab3fed96a53a0,26ec4021e615be5b2de99a82ec665446527db2d9c9735806e245848c74a6af0b,227838f4d26a0731a7e32fc772ae247c3a3f9436a1cf2aaa87cb33ecc3b53b5a,c07b382bb0c6587e7924104e5c026a324ee57d2480e0fe41a031abc3542712ff,0.003798771,0.082182545,0000
848,001a,0010,e3b0c44298fc1c149afbf4c8996fb92427ae41e4649b934ca495991b7852b855,a1ef683a6df15fa0d825f337bbcca7aa71655ac7bb91b6e33418db96d62f2bc4,ec0116b34a9eda639753930161fdff493a658517789dd6841a145e924175caab,c5e536361221d6cc36d7fba4254a2e8a0a560ac6eb7c00cc979a4ab70faa3ae5,972f73882045ed27f2c061c49cca4a02ef3d64021746714086aab3fed96a53a0,26ec4021e615be5b2de99a82ec665446527db2d9c9735806e245848c74a6af0b,e0b25d48287a1459210368e6f79736890044fc8c272c7c9c006cb1b2eacadbfe,f9430b6e10fd4bbf5338e7a3c00c9b3a87f9e141ae821a910c9e58bec484cd35,0.003760970,0.082217531,0000
849,001a,0010,e3b0c44298fc1c149afbf4c8996fb92427ae41e4649b934ca495991b7852b855,d7bb7d437159b1f6604a5ae25c6f08ccd50dee31add507f93d88e0052d23203a,6791a0e7b9c7d25fe3583d701a4367a0dbce30e5b4839c66b9b9a0a296030a5a,c5e536361221d6cc36d7fba4254a2e8a0a560ac6eb7c00cc979a4ab70faa3ae5,972f73882045ed27f2c061c49cca4a02ef3d64021746714086aab3fed96a53a0,26ec4021e615be5b2de99a82ec665446527db2d9c9735806e245848c74a6af0b,73f666005c569e254e375443478adad7064fb26f75df6ceefc9dbc9012d64ebc,66a10af259720a07a56a8b1f1b4ea7185c0910774fa8fb69ddf9f8413c784279,0.003756709,0.082196992,0000
850,001a,0010,e3b0c44298fc1c149afbf4c8996fb92427ae41e4649b934ca495991b7852b855,1c17b90d01f15ef0e49280306e5e672fcd46c66f1c6452b6aba2b16cf4478bc7,4ff598afad9c012ae25d2a29c72a022529d0fecffce5a4087813cad133682c3f,c5e536361221d6cc36d7fba4254a2e8a0a560ac6eb7c00cc979a4ab70faa3ae5,972f73882045ed27f2c061c49cca4a02ef3d64021746714086aab3fed96a53a0,26ec4021e615be5b2de99a82ec665446527db2d9c9735806e245848c74a6af0b,5edeafa62dd900025b6f1713891411eb449b824806e6abe8c594a7ebfa599a96,2f32378e93daf2a3a942268d1ee7e81636de11eba8d514bb3a9f33f151a8e7a3,0.003797801,0.082193276,0000
851,001a,0010,e3b0c44298fc1c149afbf4c8996fb92427ae41e4649b934ca495991b7852b855,b45732b629b2771b22b49268bed3dec969b93b93b43e38833fd73a918654a93a,3c8b9ea60c5795d0631dfa769906c51740730b800c86ed71276360880baba241,c5e536361221d6cc36d7fba4254a2e8a0a560ac6eb7c00cc979a4ab70faa3ae5,972f73882045ed27f2c061c49cca4a02ef3d64021746714086aab3fed96a53a0,26ec4021e615be5b2de99a82ec665446527db2d9c9735806e245848c74a6af0b,2b9e6e8fcbe3f6c418b127ab3003eefc1b3ea92fcd44cedcdebe78afc4b06531,8b2726b8daa2464c77f7a7c372eca34077601af4a22056d6644e135687b75d61,0.003724303,0.082198803,0000
852,001a,0010,e3b0c44298fc1c149afbf4c8996fb92427ae41e4649b934ca495991b7852b855,6b137bd7bb0e182f3c2ff94566a479d56d323b1432351fc2778de89dfdb425e1,e0e33c06aa953eb4c18cf8244f646073695a88780d8dfba9c770778e5ec52e94,c5e536361221d6cc36d7fba4254a2e8a0a560ac6eb7c00cc979a4ab70faa3ae5,972f73882045ed27f2c061c49cca4a02ef3d64021746714086aab3fed96a53a0,26ec4021e615be5b2de99a82ec665446527db2d9c9735806e245848c74a6af0b,3a6d770629ff4714e0819d07b3246114d732ae8cdca4694ca0e46ad8e7012166,463b50469744b81e3f3b0e3b542d8cc2af8e1f8c843ed5617ec094fc1de0227d,0.003743772,0.082244852,0000
853,001a,0010,e3b0c44298fc1c149afbf4c8996fb92427ae41e4649b934ca495991b7852b855,a54089c1d96d13306b2ca25e27121519b0a41dec79cba6f612d41ae999565a08,71a00dcf99a7206a3575c20f0b76710c6c120b7cdeac9a2114b1bbc0f3835f5d,c5e536361221d6cc36d7fba4254a2e8a0a560ac6eb7c00cc979a4ab70faa3ae5,972f73882045ed27f2c061c49cca4a02ef3d64021746714086aab3fed96a53a0,26ec4021e615be5b2de99a82ec665446527db2d9c9735806e245848c74a6af0b,973073b3ea818f8b22475ac9c2dc29a94581770470fa6cb8cfa6b252279e9aae,ba55e85a22f130853fcd70071cbcfd8ab9ea57e791576226a1a96810a0b0e884,0.003813395,0.082215664,0000
854,001a,0010,e3b0c44298fc1c149afbf4c8996fb92427ae41e4649b934ca495991b7852b855,2a1a08a045f3de3a19c785077e572784d47cf8976af236f665460741d86d10e1,0d8799bd17d87d0061c435be2442e82aa5b09e8191e04eaf5d7ac80c90d04924,c5e536361221d6cc36d7fba4254a2e8a0a560ac6eb7c00cc979a4ab70faa3ae5,972f73882045ed27f2c061c49cca4a02ef3d64021746714086aab3fed96a53a0,26ec4021e615be5b2de99a82ec665446527db2d9c9735806e245848c74a6af0b,71cf0620249ab64673732aa231a7d370a3a2acf673e4b7a6891b14ba491a472a,96ec2a79f5acbe6dab414570af2473a68b9d1198b2a7f9ac0b47d6c81cc7fd28,0.003573436,0.082204638,0000
855,001a,0010,e3b0c44298fc1c149afbf4c8996fb92427ae41e4649b934ca495991b7852b855,8d6dca1d29b3bb53b66977aa5237bad43d1f5e4882fbc003d5768676306159f6,8bbe4652e5ec38355c3e9891eb965b28bf952c0e4e853e57e4278fccc5b1a37b,c5e536361221d6cc36d7fba4254a2e8a0a560ac6eb7c00cc979a4ab70faa3ae5,972f73882045ed27f2c061c49cca4a02ef3d64021746714086aab3fed96a53a0,26ec4021e615be5b2de99a82ec665446527db2d9c9735806e245848c74a6af0b,6a4fb378d75a27b2918da527b54e32e51dbc92d964aed18aa4bd065369155bea,606d781fc62836e995371f7a7d4a6e8a77732459e25825330eb955739b4f068c,0.003767562,0.082362310,0000
856,001a,0010,e3b0c44298fc1c149afbf4c8996fb92427ae41e4649b934ca495991b7852b855,f1c2a501d4eb6c62b9ef53826affcad60ca3a418cec9af5c967d4c674f272b70,895edd1d38ce2ded6275b64361e699d3cf9190800ea6077838ac84caccda7d00,c5e536361221d6cc36d7fba4254a2e8a0a560ac6eb7c00cc979a4ab70faa3ae5,972f73882045ed27f2c061c49cca4a02ef3d64021746714086aab3fed96a53a0,26ec4021e615be5b2de99a82ec665446527db2d9c9735806e245848c74a6af0b,3366a910269af926f4576fc642d396e136823c71edc8b03efb24f552111aec7a,d2b7f3ad9c1fda7424e21b0d115a84e97ec0675d5a838f0d31870be8a1c86327,0.003790111,0.082260117,0000
857,001a,0010,e3b0c44298fc1c149afbf4c8996fb92427ae41e4649b934ca495991b7852b855,124088f6ac7fe9bc1e215dc21e6c99232d0cb68b24612e3ee9910301deef358e,7e8eb3e779603977cb4b8ea01646f54023ea6ebc8e89fb38a0df35378ffd52de,c5e536361221d6cc36d7fba4254a2e8a0a560ac6eb7c00cc979a4ab70faa3ae5,972f73882045ed27f2c061c49cca4a02ef3d64021746714086aab3fed96a53a0,26ec4021e615be5b2de99a82ec665446527db2d9c9735806e245848c74a6af0b,50ff8a4fa5349536858ddd34b3a4c2eb408ba6ec89ad03ae6aead9d93e67a6e4,d2c8867a814ab94d5c081f9d6d58ffd6218bc4a6cc52e547ad541978b13ec6f7,0.003819162,0.082187093,0000
858,001a,0010,e3b0c44298fc1c149afbf4c8996fb92427ae41e4649b934ca495991b7852b855,4364d8dca561546975a7af96355d415d40979d4feb2db3132ecc31c52653b5a1,d76e65bf3b3ba972f209416b98fe2f43b17b2b01902b06e7356a09b889e14421,c5e536361221d6cc36d7fba4254a2e8a0a560ac6eb7c00cc979a4ab70faa3ae5,972f73882045ed27f2c061c49cca4a02ef3d64021746714086aab3fed96a53a0,26ec4021e615be5b2de99a82ec665446527db2d9c9735806e245848c74a6af0b,e64bdad6792f45972ebe3a6d5115f28fb2de397891b31af934c9f75d72996e42,fb56dbae4037f7b27f2687ebed82a101138f99a12f5b7e64823ad97e9cea24de,0.003763147,0.082105405,0000
859,001a,0010,e3b0c44298fc1c149afbf4c8996fb92427ae41e4649b934ca495991b7852b855,316502dbc454d5972be5d9b7074aba3757a54e3dd7b07305115914d3b7eed171,9dbb6f1f0b3783c7dafb3e1acba937b7a90096bfba11fdf4ff43a9731279d820,c5e536361221d6cc36d7fba4254a2e8a0a560ac6eb7c00cc979a4ab70faa3ae5,972f73882045ed27f2c061c49cca4a02ef3d64021746714086aab3fed96a53a0,26ec4021e615be5b2de99a82ec665446527db2d9c9735806e245848c74a6af0b,19f272da3c9baac382757ef3954226f07c9002274e3afcc04b55916e3d7cb814,23f31853e0b2a11d12fca90a7b0aa2ddf7fcd2eb7e3db4842bea522f333eb037,0.003747631,0.082227205,0000
860,001a,0010,e3b0c44298fc1c149afbf4c8996fb92427ae41e4649b934ca495991b7852b855,25054332cd2b94c9bd7da7bb721bb11fb4d79f0dd65be7569362e408bed26b82,1398a3e21b1cf55050944746b5c0acf061f29344c20546e7ebb7fdc312b2b106,c5e536361221d6cc36d7fba4254a2e8a0a560ac6eb7c00cc979a4ab70faa3ae5,972f73882045ed27f2c061c49cca4a02ef3d64021746714086aab3fed96a53a0,26ec4021e615be5b2de99a82ec665446527db2d9c9735806e245848c74a6af0b,5bd1cd33b19c30c8f165096464887a601cc8b747064ca6ff0bae223c1b27416b,7839ed8e6b6909a371b6c77beb95a917f92bde3f115248ac88d46fa09a9c205d,0.003807567,0.082199341,0000
861,001a,0010,e3b0c44298fc1c149afbf4c8996fb92427ae41e4649b934ca495991b7852b855,204aca5e8edf237636f3faa37ad268223076d488797bc90e7665b8d1b36a323c,f745575fc63281355d0cdc0416d5ee1735d273731b3c5b15a18c916f2f9ec521,c5e536361221d6cc36d7fba4254a2e8a0a560ac6eb7c00cc979a4ab70faa3ae5,972f73882045ed27f2c061c49cca4a02ef3d64021746714086aab3fed96a53a0,26ec4021e615be5b2de99a82ec665446527db2d9c9735806e245848c74a6af0b,2c1a80ec480f1e63ea0201709e1b192053093f458bac5618b5558f0788d20c90,ffcbcfbb2166240006d115a86121d8549e1ee5f9c7f6886146b332ba0abe95e5,0.003777715,0.082192987,0000
862,001a,0010,e3b0c44298fc1c149afbf4c8996fb92427ae41e4649b934ca495991b7852b855,e9c480902ae3fc70934d8f851610c3a0b211ba0a6d56279ab221cb3c36196126,92f8f4802970f1e866c66963d9e47ff47bd602b827325f850cb5d43bec0b3909,c5e536361221d6cc36d7fba4254a2e8a0a560ac6eb7c00cc979a4ab70faa3ae5,972f73882045ed27f2c061c49cca4a02ef3d64021746714086aab3fed96a53a0,26ec4021e615be5b2de99a82ec665446527db2d9c9735806e245848c74a6af0b,f330b93fdae64508d09b9bdefa851c3df67c80ea9574c61396c223aca22374f9,0eee5f47d6c543d1fe6949adb80ceadb54a9becec46e43393612852378bdea61,0.003773418,0.082202050,0000
863,001a,0010,e3b0c44298fc1c149afbf4c8996fb92427ae41e4649b934ca495991b7852b855,23e33ee7ccf9515d6327ac9b31db95a95ee9dd2898a853fd332959be83108b50,d47fd6019cbbdad9b4fdf105e011a4b82379f4f590caded535544654a42fa4ba,c5e536361221d6cc36d7fba4254a2e8a0a560ac6eb7c00cc979a4ab70faa3ae5,972f73882045ed27f2c061c49cca4a02ef3d64021746714086aab3fed96a53a0,26ec4021e615be5b2de99a82ec665446527db2d9c9735806e245848c74a6af0b,76964ae6c462078481bb87a30aa7a635faa433625257840943410513c795ed12,ebd1a62a7cb9ccd19c11b15a75d503872450fe34395b19d921705ba82a6ee1aa,0.003780783,0.082192467,0000
864,001a,0010,e3b0c44298fc1c149afbf4c8996fb92427ae41e4649b934ca495991b7852b855,fc73b83df0e40b44aeb6cd5ccbc85869d70369496276b2a3f410e8b708cf8080,608b46aa5785040840670660399b176e44d709e7299916e52d41a6e940b8658a,c5e536361221d6cc36d7fba4254a2e8a0a560ac6eb7c00cc979a4ab70faa3ae5,972f73882045ed27f2c061c49cca4a02ef3d64021746714086aab3fed96a53a0,26ec4021e615be5b2de99a82ec665446527db2d9c9735806e245848c74a6af0b,5986d6815c3488461c7dbc41c8c2c5d6d4572831c4bfcd1d9329a42019ecbb45,860e44b783a030101f9b5e142abce2a1a468553b03a8dcf2263259904ebfc3ff,0.003785177,0.082177579,0000
865,001a,0010,e3b0c44298fc1c149afbf4c8996fb92427ae41e4649b934ca495991b7852b855,c7a29b05d2d985b3af2a43a23e28dffa8daf42aaa8e4177085f3d80b9d8429cd,8c324e82845cf81e1b752b9ba82b67b24e4a279b0eda5a1ba2e04bbe01e3f4b9,c5e536361221d6cc36d7fba4254a2e8a0a560ac6eb7c00cc979a4ab70faa3ae5,972f73882045ed27f2c061c49cca4a02ef3d64021746714086aab3fed96a53a0,26ec4021e615be5b2de99a82ec665446527db2d9c9735806e245848c74a6af0b,5f574ddecc877a7d7442b9c5d71c508b9fc317d0a21c2646ce43d8a75164a573,ce9cf389ede00b1bcd10c4410967244b6d7e4ad186d2927a3daa22db1b214b72,0.003753843,0.082189167,0000
866,001a,0010,e3b0c44298fc1c149afbf4c8996fb92427ae41e4649b934ca495991b7852b855,23f888f6b30a6cab3a41857080357c1c377a71d12a425cf9b7ee8542da6b7763,2965c25e749bd9f891003ebce97b6c4605374d792203b65db33ad72a2197ed91,c5e536361221d6cc36d7fba4254a2e8a0a560ac6eb7c00cc979a4ab70faa3ae5,972f73882045ed27f2c061c49cca4a02ef3d64021746714086aab3fed96a53a0,26ec4021e615be5b2de99a82ec665446527db2d9c9735806e245848c74a6af0b,716ed1f12eb2c98f64004455e849b1087c828c45f832a33e341087e5cb735895,208126ad02c2679c59ed6c05d760ca562cf319931955ab78c1cce0beb304b336,0.003735562,0.082222335,0000
867,001a,0010,e3b0c44298fc1c149afbf4c8996fb92427ae41e4649b934ca495991b7852b855,a8fb52da1b5da8b1c53aedc489f767655eb97d2cb15b648a40b295b41f29f1fc,f110000a7d0771af378b84ec98caebad5ad722ed60de917d9157c1139f02df96,c5e536361221d6cc36d7fba4254a2e8a0a560ac6eb7c00cc979a4ab70faa3ae5,972f73882045ed27f2c061c49cca4a02ef3d64021746714086aab3fed96a53a0,26ec4021e615be5b2de99a82ec665446527db2d9c9735806e245848c74a6af0b,01880ff4fd507af3ba50a2c9d09701cb63c5177ab9acc73019370deb2d297865,a592e41210c7dd5d9ada2382aef8e93dd3ca6ea5e06fe0fd1b407b3a3baf6192,0.003782819,0.082241783,0000
868,001a,0010,e3b0c44298fc1c149afbf4c8996fb92427ae41e4649b934ca495991b7852b855,60693d47688811017a091400fe1add62b0970d3ea5876f627f7eb69adffd4289,d44ecc097a09a5ccdd15c7dfee276c4de65d02244a42c5470968d1db2725f7cc,c5e536361221d6cc36d7fba4254a2e8a0a560ac6eb7c00cc979a4ab70faa3ae5,972f73882045ed27f2c061c49cca4a02ef3d64021746714086aab3fed96a53a0,26ec4021e615be5b2de99a82ec665446527db2d9c9735806e245848c74a6af0b,218c72f65e5f8ff8c163341386322543d1c69e4a145f51a92d5a5ac3cc0b3cfd,f53db439dc04c89d25f10678ed3046144939e234316297acaa5b40e8b59c91d0,0.003772104,0.082194146,0000
869,001a,0010,e3b0c44298fc1c149afbf4c8996fb92427ae41e4649b934ca495991b7852b855,c9b3189c49bd509ea7d6241707ce650c57b8c7b4a2aaa1b12bc4389aa12bddb5,2c147bc59ff0ba81b00e7d64fa05ccbc9d25194eea894830949919ca6de15f8d,c5e536361221d6cc36d7fba4254a2e8a0a560ac6eb7c00cc979a4ab70faa3ae5,972f73882045ed27f2c061c49cca4a02ef3d64021746714086aab3fed96a53a0,26ec4021e615be5b2de99a82ec665446527db2d9c9735806e245848c74a6af0b,89d8c849592e57946fccfb07caf4aaee5e4ae657e3ce7c7324647ed55f8745fb,91e0808657bff20ca838e8e27a99d08f0946a99e8871847d468c11c0ac59f599,0.003795525,0.082251846,0000
870,001a,0010,e3b0c44298fc1c149afbf4c8996fb92427ae41e4649b934ca495991b7852b855,58f4a5bdb4fa3b538e245de07c3dc800956833bad9491a30081c4a672fa57c57,3ea30b2692d31a207c46a5666342c25d687334cca44cad15dcca17cd5a4da925,c5e536361221d6cc36d7fba4254a2e8a0a560ac6eb7c00cc979a4ab70faa3ae5,972f73882045ed27f2c061c49cca4a02ef3d64021746714086aab3fed96a53a0,26ec4021e615be5b2de99a82ec665446527db2d9c9735806e245848c74a6af0b,155d176bf24b1cfa72001bcea27233bd6d7ae537bef192124283f3ba9de97fd8,8b30a4d6d58e923dbceced6cb9da60fbcbfd5c035b65e1439e7d9d30d79ae5e4,0.003822287,0.082153791,0000
871,001a,0010,e3b0c44298fc1c149afbf4c8996fb92427ae41e4649b934ca495991b7852b855,2ac234e9a7b036299c8019f462843bdf9081e7c1c5eee58aafc2ad63a4bf3c08,c8cf38dbf70988f63d6f12e625e9bc2feeaa7e843b50be81d9c655a86d8fef4a,c5e536361221d6cc36d7fba4254a2e8a0a560ac6eb7c00cc979a4ab70faa3ae5,972f73882045ed27f2c061c49cca4a02ef3d64021746714086aab3fed96a53a0,26ec4021e615be5b2de99a82ec665446527db2d9c9735806e245848c74a6af0b,4cfc0463fee3053d47a23e0cfe57d312d4c60d1c6ed3fde20848fd2d39b9dacf,13026a0ed2578c15bd0b19b2e3e45d2625fc82d48f0a1e9a04cf535d39a9d4e1,0.003772905,0.082176050,0000
872,001a,0010,e3b0c44298fc1c149afbf4c8996fb92427ae41e4649b934ca495991b7852b855,890263c0d4498f3e5e1802ff83922874caf938765285537a10546f0b9e516fd4,0dc4cd4bbbd0fe9db2179379ff197e14136488663e5e5e0f2dc5611b16c7df19,c5e536361221d6cc36d7fba4254a2e8a0a560ac6eb7c00cc979a4ab70faa3ae5,972f73882045ed27f2c061c49cca4a02ef3d64021746714086aab3fed96a53a0,26ec4021e615be5b2de99a82ec665446527db2d9c9735806e245848c74a6af0b,3bb1ac56f2ba0181896a28c0a2fe290d694cfebe21dc879899df59a45b348aeb,c2c9eb5adf2b62163671789187b4fec73392136774c0c5f1d149e0cff623249a,0.003770290,0.082165170,0000
873,001a,0010,e3b0c44298fc1c149afbf4c8996fb92427ae41e4649b934ca495991b7852b855,2d42f986879ccdbcbe231f7f7ef54faf5f8679ec7af850cec91a4576e09d3c29,ea92f1b934c644bcb241604253e37bc94b85d9095c605a7c5372f5864f444c3c,c5e536361221d6cc36d7fba4254a2e8a0a560ac6eb7c00cc979a4ab70faa3ae5,972f73882045ed27f2c061c49cca4a02ef3d64021746714086aab3fed96a53a0,26ec4021e615be5b2de99a82ec665446527db2d9c9735806e245848c74a6af0b,292d8de46d1b766eca68b3ad9ff9c510397330d5a07386a907e0aa87df2f2404,97410a32af756b7da7af1cca4d0c2a3c85e1d3223a46528186ee5c8c38fe0a7f,0.003787990,0.082188528,0000
874,001a,0010,e3b0c44298fc1c149afbf4c8996fb92427ae41e4649b934ca495991b7852b855,9bba70bb0d69d171bf769042ef6d27d5bde40499ecd9af6e219a129a37247df6,75c0f0999c67ebd82a4e1dda01df556a825e0d6334fcbc8ed876e68f6047eae2,c5e536361221d6cc36d7fba4254a2e8a0a560ac6eb7c00cc979a4ab70faa3ae5,972f73882045ed27f2c061c49cca4a02ef3d64021746714086aab3fed96a53a0,26ec4021e615be5b2de99a82ec665446527db2d9c9735806e245848c74a6af0b,35dc336e57bdffdb5daeb6da7abc54c296a2cc9e773e9c0c483e264ceb78d8d8,fa35b41d9381645cfeef39aeb59df757ea3f8d2732ae460173f6cb1a11e76054,0.003764946,0.082212808,0000
875,001a,0010,e3b0c44298fc1c149afbf4c8996fb92427ae41e4649b934ca495991b7852b855,77c9d04831a4d445cf2f50ffd9eabac02665830876ad58b9586b2d3a49fd4ce4,4f892ec71b35e5514f44486d51bed0c2aabecdb2976048d25902005afaa70220,c5e536361221d6cc36d7fba4254a2e8a0a560ac6eb7c00cc979a4ab70faa3ae5,972f73882045ed27f2c061c49cca4a02ef3d64021746714086aab3fed96a53a0,26ec4021e615be5b2de99a82ec665446527db2d9c9735806e245848c74a6af0b,09bb912a66fd04cb0c257fcbeacbf6a89755b0d84a018ccc9d507668dec17fb1,4902d3c0b98f53c3ce0724372f6f2f72296715d082d1bf6b07f008c4d57e093f,0.003730908,0.082197384,0000
876,001a,0010,e3b0c44298fc1c149afbf4c8996fb92427ae41e4649b934ca495991b7852b855,5296036d744b95393a13dde3e6c5e62af5677a59fc104e4048cbd745b5ecb9f2,4ffef28ce58995c1c004da547c255025a284a516543d126039bf258c5fd4b8c8,c5e536361221d6cc36d7fba4254a2e8a0a560ac6eb7c00cc979a4ab70faa3ae5,972f73882045ed27f2c061c49cca4a02ef3d64021746714086aab3fed96a53a0,26ec4021e615be5b2de99a82ec665446527db2d9c9735806e245848c74a6af0b,782785dec2640fe5798e7ffbeb678f855365a7948a83ad2d5616bd338a9c11be,dec569f741883a3a88c6d2cc2e9c8e07e1c0e768f27e5f654895b9e2ecf874ab,0.003787533,0.082243846,0000
877,001a,0010,e3b0c44298fc1c149afbf4c8996fb92427ae41e4649b934ca495991b7852b855,3b1f1ccbf523080728f9f2398c9bf00ef5d90f3ecd18b631fcb0866bdca0b54e,52f0466d0a5f45798df05e1331b8157db84e90eb5149af61b111cc167298965e,c5e536361221d6cc36d7fba4254a2e8a0a560ac6eb7c00cc979a4ab70faa3ae5,972f73882045ed27f2c061c49cca4a02ef3d64021746714086aab3fed96a53a0,26ec4021e615be5b2de99a82ec665446527db2d9c9735806e245848c74a6af0b,bda4b2a11be1a7abf0f234ee6b548f95de9abeb25d78acb4ff5c5ad22b74bd57,aa08adf29d6c5ca70266f10f211e6f2b277051f80e044e4a0a6727af5518c6d7,0.003767451,0.082198666,0000
878,001a,0010,e3b0c44298fc1c149afbf4c8996fb92427ae41e4649b934ca495991b7852b855,89d55f03ab3f3e26a83c0a76ec9b6d159f5f5b5bd2dc9bbdd1a8046a05d7ffa4,c004f4c1dacc8fc819d22eae489126352530744fee6288480d0be42ce63fbbc1,c5e536361221d6cc36d7fba4254a2e8a0a560ac6eb7c00cc979a4ab70faa3ae5,972f73882045ed27f2c061c49cca4a02ef3d64021746714086aab3fed96a53a0,26ec4021e615be5b2de99a82ec665446527db2d9c9735806e245848c74a6af0b,05004d07d70fbb9145db859df2c3a97076ee18fbff5f998454a6d95700385b63,b14ae08a407a363792c1127044397bf0c0a2995e0536eaced769094d10c19ed4,0.003766563,0.082183070,0000
879,001a,0010,e3b0c44298fc1c149afbf4c8996fb92427ae41e4649b934ca495991b7852b855,12422dd7a34d84eda1ebbf844de8172f36e10843c637450bb87dd3261a160d93,78c04e94e35d7b49f3b2f59e9dd98aa081e567a31fd686fdc19477b11f286cc7,c5e536361221d6cc36d7fba4254a2e8a0a560ac6eb7c00cc979a4ab70faa3ae5,972f73882045ed27f2c061c49cca4a02ef3d64021746714086aab3fed96a53a0,26ec4021e615be5b2de99a82ec665446527db2d9c9735806e245848c74a6af0b,6b6d5a030a73b43e9e05d17d2438bd66171a14c4991b1226267d143a000862bd,f3e2ae20f59959920e39e20a923bc9ff1f11987c0d4bb1d38df7397b18c16084,0.003796611,0.082214848,0000
880,001a,0010,e3b0c44298fc1c149afbf4c8996fb92427ae41e4649b934ca495991b7852b855,11a17aeb9651f91d5f4d6f85cfa37d0e4d24ee35c5af21f7dcd058b5e0b980eb,9aee40374cfe7ac78a0a3083665a0adff200864cfc6b9329a1577e79f52ca2c1,c5e536361221d6cc36d7fba4254a2e8a0a560ac6eb7c00cc979a4ab70faa3ae5,972f73882045ed27f2c061c49cca4a02ef3d64021746714086aab3fed96a53a0,26ec4021e615be5b2de99a82ec665446527db2d9c9735806e245848c74a6af0b,ffaea6bb477473cf9ebac22e3a1ae3ac2d22fa42d469326bf090f53bf7a50892,0ef3256e2ba16151cba3cbad98b9035cf41739432575d14b1c3689f99c5109bd,0.003739294,0.082191160,0000
881,001a,0010,e3b0c44298fc1c149afbf4c8996fb92427ae41e4649b934ca495991b7852b855,5fe8981f6fe596105229f78da6f9aa6752a138665de4b8ccb8483df37ced3735,7db7747e4a942495dd1aa22857d75828a2dba9af756bb425173693d9697f5d81,c5e536361221d6cc36d7fba4254a2e8a0a560ac6eb7c00cc979a4ab70faa3ae5,972f73882045ed27f2c061c49cca4a02ef3d64021746714086aab3fed96a53a0,26ec4021e615be5b2de99a82ec665446527db2d9c9735806e245848c74a6af0b,fb31000f8c4c10fa1e7ae3fb9743a5ad187411b9a1f0ce448794ec1d15434b47,9cadcdaf44df7c0700896e526720720c6f01dbff43eaeab9b502bdc4153264ed,0.003780547,0.082212170,0000
882,001a,0010,e3b0c44298fc1c149afbf4c8996fb92427ae41e4649b934ca495991b7852b855,2176a4d10a45b05cb50d18f0c2b094224e980b6378d6fbeb2ea0a642313b74da,f3b161f6adfd1c74345d4b2648d0dd5d9fff8d03a96af015163cfc5e69088d8f,c5e536361221d6cc36d7fba4254a2e8a0a560ac6eb7c00cc979a4ab70faa3ae5,972f73882045ed27f2c061c49cca4a02ef3d64021746714086aab3fed96a53a0,26ec4021e615be5b2de99a82ec665446527db2d9c9735806e245848c74a6af0b,e74e662275c93a148b8edacf2d513ac57789f59a68367fcb2f6ebf2af7ae2579,29936f5397c7ba5c54bb38e5a801810972f281460ff909892dedf978990636e4,0.004379646,0.082041565,0000
883,001a,0010,e3b0c44298fc1c149afbf4c8996fb92427ae41e4649b934ca495991b7852b855,bfc3aca846e5994944a6dd46c7db6549a6cedf149640fe8042a46a45128ee979,1b0afe9f5c288850c58bb67f99ac876efbae678706acc33ee994459527e03b28,c5e536361221d6cc36d7fba4254a2e8a0a560ac6eb7c00cc979a4ab70faa3ae5,972f73882045ed27f2c061c49cca4a02ef3d64021746714086aab3fed96a53a0,26ec4021e615be5b2de99a82ec665446527db2d9c9735806e245848c74a6af0b,e3ef60438fd2a1c093019e07e1a4e48aca13e33b112bb92c1dc6f1b834a71527,a6d7018209f9c02943ccd2109c1c9bb34540ba5a77f6740082eb9edc153df5cc,0.003799859,0.081790207,0000
884,001a,0010,e3b0c44298fc1c149afbf4c8996fb92427ae41e4649b934ca495991b7852b855,06fdeafdc17698a78fdda496649a3e87d9ab506af1337c135cc7674b42a58811,afbd031c4cf6e92619250832092ebee3e06157be7585bd272dffcc02ea92a353,c5e536361221d6cc36d7fba4254a2e8a0a560ac6eb7c00cc979a4ab70faa3ae5,972f73882045ed27f2c061c49cca4a02ef3d64021746714086aab3fed96a53a0,26ec4021e615be5b2de99a82ec665446527db2d9c9735806e245848c74a6af0b,d645f48f0bb06a53aa8861561552eb76ff62f3f631a6a97a62468f517559d266,2f9781634b5efb225bf8cfd6ea9a2b4e3c680125d5e6f2ca60449703ff90819e,0.003812153,0.082138515,0000
885,001a,0010,e3b0c44298fc1c149afbf4c8996fb92427ae41e4649b934ca495991b7852b855,49e6aa59814f2ea5c537a8ad6fd1ff7d902c1aeadbca4f311d82aa31cbb46441,989cd26e70875725a52405b73603a04699bf7bd59230488720032cba2e35a40c,c5e536361221d6cc36d7fba4254a2e8a0a560ac6eb7c00cc979a4ab70faa3ae5,972f73882045ed27f2c061c49cca4a02ef3d64021746714086aab3fed96a53a0,26ec4021e615be5b2de99a82ec665446527db2d9c9735806e245848c74a6af0b,db075d59c1d97f00d460f541d34dd824414980ccf30b4b6087fdf884891d60be,0d757144209af7b8d9aa7dd219dd0d25b8874eed58548c0f8d3bcc43a24ed4be,0.003750261,0.082205496,0000
886,001a,0010,e3b0c44298fc1c149afbf4c8996fb92427ae41e4649b934ca495991b7852b855,9f40a98e869e3e7515ed3cf46e56020e2718e54f4d13754da35d57b890079511,cce87bb096735c0c3611c882add9a514d0b6506a1ff68918affba8c9c7e141d5,c5e536361221d6cc36d7fba4254a2e8a0a560ac6eb7c00cc979a4ab70faa3ae5,972f73882045ed27f2c061c49cca4a02ef3d64021746714086aab3fed96a53a0,26ec4021e615be5b2de99a82ec665446527db2d9c9735806e245848c74a6af0b,5c5b8b2ae2962301fe3aaffd662efb14bd1fa6a45bc6903438c0ae380cab2e28,d6dd790386287de52b3f7bb63c03c547287a5923d59188694c8a47c7686d6b67,0.003600824,0.082190250,0000
887,001a,0010,e3b0c44298fc1c149afbf4c8996fb92427ae41e4649b934ca495991b7852b855,a1fc0b1bfe2c34e7c89d2eb64aabadb8ef1206c7925040a975f01c0382e88863,00029045e6489a3a0eb7c9997879a7123158ce33e3ae6d6fbd5bb20dacb5aa8e,c5e536361221d6cc36d7fba4254a2e8a0a560ac6eb7c00cc979a4ab70faa3ae5,972f73882045ed27f2c061c49cca4a02ef3d64021746714086aab3fed96a53a0,26ec4021e615be5b2de99a82ec665446527db2d9c9735806e245848c74a6af0b,bbaebf99e450d2cd4265c3c5946055b496c8746d52753a29582f3aeaa5655da6,97d8b266a6b2d95b7247fe21137f59408d2b889269c0ebf9913a7c7d5eaa6f21,0.004506507,0.082419479,0000
888,001a,0010,e3b0c44298fc1c149afbf4c8996fb92427ae41e4649b934ca495991b7852b855,5ec8c4f40a7a61bf05ac60d4e0625fca1a9fef68fa45e731781154334bbb2ad5,6324848047a0a221fa7c2784efc55bb0cd29460bd19443b6656b1175b7910555,c5e536361221d6cc36d7fba4254a2e8a0a560ac6eb7c00cc979a4ab70faa3ae5,972f73882045ed27f2c061c49cca4a02ef3d64021746714086aab3fed96a53a0,26ec4021e615be5b2de99a82ec665446527db2d9c9735806e245848c74a6af0b,b4657f4a756798751904be99a7be31f5293f51a9d718c7e289d0a8931f7e1d1a,7eee50bc098a89798fff7b9bb13d8c9a67a7327154ba4166916f21f592014ab2,0.003791192,0.082417373,0000
889,001a,0010,e3b0c44298fc1c149afbf4c8996fb92427ae41e4649b934ca495991b7852b855,62bcf5d3d11b34b2c0b454d173be1daccc623dcaba452b1e7c671cc94176f338,4ecca1ddd076a55219cee82b546c0f961e8c4bece041d552590a96c846f8c5be,c5e536361221d6cc36d7fba4254a2e8a0a560ac6eb7c00cc979a4ab70faa3ae5,972f73882045ed27f2c061c49cca4a02ef3d64021746714086aab3fed96a53a0,26ec4021e615be5b2de99a82ec665446527db2d9c9735806e245848c74a6af0b,80cf0be5831fdce3695aca67e0dfe730088903f7608a8d35e610855a8340dcc0,aeef0f472b9aa862f81b1fc608e3bf1220b6bf10b97b730109d902c099aef1eb,0.003767173,0.082182952,0000
890,001a,0010,e3b0c44298fc1c149afbf4c8996fb92427ae41e4649b934ca495991b7852b855,84e7b84d06382725c1eeadbc80dd08aefa66a08b8f804b0a4aa867f8579a254f,3c5e69b302ee4c2b463a0e9f28ae6f27c773f85f85c6cb334d4aee97b26ea1c1,c5e536361221d6cc36d7fba4254a2e8a0a560ac6eb7c00cc979a4ab70faa3ae5,972f73882045ed27f2c061c49cca4a02ef3d64021746714086aab3fed96a53a0,26ec4021e615be5b2de99a82ec665446527db2d9c9735806e245848c74a6af0b,066aec2349d2a3908f9149956212a2ab2ec5f1520ad09a6ac3944d4798e6834b,ea4d9427494f5b54b9f01a83e9f286c0f59113816de918f7ca720a0fa1fcb55e,0.003752787,0.082232671,0000
891,001a,0010,e3b0c44298fc1c149afbf4c8996fb92427ae41e4649b934ca495991b7852b855,d0519947bbb0dccea3baef38eb4ad6f0ed29e8513eddf2281fa164247db18e06,8dd953e2ed743bd9caa82955ae879a4259076234ade15adaf5192b989876761e,c5e536361221d6cc36d7fba4254a2e8a0a560ac6eb7c00cc979a4ab70faa3ae5,972f73882045ed27f2c061c49cca4a02ef3d64021746714086aab3fed96a53a0,26ec4021e615be5b2de99a82ec665446527db2d9c9735806e245848c74a6af0b,58653e92763f9240ff2023ebd5279260c2034bf90e5d17a16e4c84f7945da3c5,3e3658db69d7891de8761a5a840319ec8a83c7e0370f687659a8bb70433e3b88,0.003791249,0.082204198,0000
892,001a,0010,e3b0c44298fc1c149afbf4c8996fb92427ae41e4649b934ca495991b7852b855,8360a830994d3e86424681ab48899bbe463a3f48146e3401eca5a6b28187f5c8,238c0f658d1cd72aca66ced0d5db2c74bb0aec60f67cdfd7e6d05dfc5bab1e7c,c5e536361221d6cc36d7fba4254a2e8a0a560ac6eb7c00cc979a4ab70faa3ae5,972f73882045ed27f2c061c49cca4a02ef3d64021746714086aab3fed96a53a0,26ec4021e615be5b2de99a82ec665446527db2d9c9735806e245848c74a6af0b,50a05cc5b4a550edce60e0b45ce5d288709643d7b39835b61676de9605e2f2d5,f09b240cdbe3953e6f10779f034701eae2eb615542e206105bf9782cfcdbe2d6,0.003742136,0.082224559,0000
893,001a,0010,e3b0c44298fc1c149afbf4c8996fb92427ae41e4649b934ca495991b7852b855,299b209cb861bb9c16c348d83af0dd06ef5aa9b4c7d2c36662c5bd4153dc8b35,f685552220f969f91d317d84259895cc89a51fbad271fedfdf28590132f15edb,c5e536361221d6cc36d7fba4254a2e8a0a560ac6eb7c00cc979a4ab70faa3ae5,972f73882045ed27f2c061c49cca4a02ef3d64021746714086aab3fed96a53a0,26ec4021e615be5b2de99a82ec665446527db2d9c9735806e245848c74a6af0b,13eb0e999d0f0b1184bc9257d239aafedab30a6b2d22c8ab96f3544d67d5fb2c,5356fd61f2954dc931c21c4b2e410aa9072cd7a906eb4d87366f902c70f74cf8,0.003793843,0.082191693,0000
894,001a,0010,e3b0c44298fc1c149afbf4c8996fb92427ae41e4649b934ca495991b7852b855,f396684c5852c1f46c80b7ead7ba594b15892aeca0739c1f7eb080f7344fc7da,97bc03ac5f44fd8c31471590f30fa8d51caf46e82b195d7a8b1b07ab3bffb8f3,c5e536361221d6cc36d7fba4254a2e8a0a560ac6eb7c00cc979a4ab70faa3ae5,972f73882045ed27f2c061c49cca4a02ef3d64021746714086aab3fed96a53a0,26ec4021e615be5b2de99a82ec665446527db2d9c9735806e245848c74a6af0b,2c1e83ae3c240d61d8ae18c669fd98970df049bdf2d5b9e05a18bd58882c9447,cfd08be83b82f8d096972b900260d38ceb05fc18418a14cf0b16cdfee58e15a9,0.003804511,0.082164904,0000
895,001a,0010,e3b0c44298fc1c149afbf4c8996fb92427ae41e4649b934ca495991b7852b855,cb80532cc5d42fd5a8fa0b86877068e0ca80702fb17a33890c100ce4680467cd,36f2ef70a9ad55175872cf265bc7b3099e3c090dc4fa6b78a40b80bd782fa1e7,c5e536361221d6cc36d7fba4254a2e8a0a560ac6eb7c00cc979a4ab70faa3ae5,972f73882045ed27f2c061c49cca4a02ef3d64021746714086aab3fed96a53a0,26ec4021e615be5b2de99a82ec665446527db2d9c9735806e245848c74a6af0b,ea2c7344fadc63db4312a4581a99bd51d3408e171be8fb088e0dcdf88fd90582,7dfdf174b977d11ffc9e75e2ee0a5436ed95ceb7bcdac1462fa41be62956f4f8,0.003735943,0.082189095,0000
896,001a,0010,e3b0c44298fc1c149afbf4c8996fb92427ae41e4649b934ca495991b7852b855,6332d4f5b7ac818cbaba26dd458bf6db4189df561798bd8317877b018f5fc3ca,e0d9bf81e241f1c44b4c16b42cbf91c7ecfb12e633c32838bc96b1ea149d8b39,c5e536361221d6cc36d7fba4254a2e8a0a560ac6eb7c00cc979a4ab70faa3ae5,972f73882045ed27f2c061c49cca4a02ef3d64021746714086aab3fed96a53a0,26ec4021e615be5b2de99a82ec665446527db2d9c9735806e245848c74a6af0b,b65c9f4d9d6507dd968c0481699c3c2ecb789b5da78d3b73da719370c3c55b1a,a9b917cbfe3e1b90094d5f12a8df81ecf2c01649f376393a496c4a3e7a6d7b9f,0.003783848,0.082241723,0000
897,001a,0010,e3b0c44298fc1c149afbf4c8996fb92427ae41e4649b934ca495991b7852b855,4e689ebf112c072344e369e06bc5b7f1d1eee1d63990622e8d112c99927d9831,b17ff91898a3bf49433a016a7b5574481956e876155f3192902c41056157559a,c5e536361221d6cc36d7fba4254a2e8a0a560ac6eb7c00cc979a4ab70faa3ae5,972f73882045ed27f2c061c49cca4a02ef3d64021746714086aab3fed96a53a0,26ec4021e615be5b2de99a82ec665446527db2d9c9735806e245848c74a6af0b,0dd71d4682996b5293b221122e52f076432265b73d9783f48f5676b60491b2c5,1b10fcf4b0ecfcfdac20724dfc64f5809d56a38346c014c0450d9e0b55a053e8,0.003814916,0.082222810,0000
898,001a,0010,e3b0c44298fc1c149afbf4c8996fb92427ae41e4649b934ca495991b7852b855,624e083e23f461efe0ad8c6de501a5bc5093c9b7031f645636673537e8d219e6,dd9fcf904e73d6bb7488da08e142e4e3e3bcd273fd7b97bbe3cb3f6dba33b256,c5e536361221d6cc36d7fba4254a2e8a0a560ac6eb7c00cc979a4ab70faa3ae5,972f73882045ed27f2c061c49cca4a02ef3d64021746714086aab3fed96a53a0,26ec4021e615be5b2de99a82ec665446527db2d9c9735806e245848c74a6af0b,95d797c57007dd7687902b6f6e9521ae6d9fa128f694447c2bbda1a87e57e85a,c16703892d1a33e9e9101261d4dec8f1d9841d2420bbe92752976c9ed8f5eebc,0.003503025,0.082030067,0000
899,001a,0010,e3b0c44298fc1c149afbf4c8996fb92427ae41e4649b934ca495991b7852b855,da78a852ea6496bd05b9f23762f8f30f015132ffa9729ce1aa92a5e3f8888d4a,3440c6a5abbe4337241206c3aa0990be535234009392e4e90336e881e29e1521,c5e536361221d6cc36d7fba4254a2e8a0a560ac6eb7c00cc979a4ab70faa3ae5,972f73882045ed27f2c061c49cca4a02ef3d64021746714086aab3fed96a53a0,26ec4021e615be5b2de99a82ec665446527db2d9c9735806e245848c74a6af0b,8db4db55fa9d00b3e5b917d3423ec1c46e9287c9f3fc3881fbe523fd38951166,334cf683adaaefbeb127c6f92f4f45d92cfd4ef0f455f816486902135e2e0c00,0.003868050,0.082597467,0000
900,001a,0010,e3b0c44298fc1c149afbf4c8996fb92427ae41e4649b934ca495991b7852b855,5d2715ef2d21a39ae365d1dbc7cd1d63305a648b0dc4afcb1026b212f7957152,c6a9b715bbcdb19c3fd2b615a2c587d1ad23b29ed70c06889c03299a57f75609,c5e536361221d6cc36d7fba4254a2e8a0a560ac6eb7c00cc979a4ab70faa3ae5,972f73882045ed27f2c061c49cca4a02ef3d64021746714086aab3fed96a53a0,26ec4021e615be5b2de99a82ec665446527db2d9c9735806e245848c74a6af0b,e8273c807ccf883a81fd44e4bccfd2e1f27655d6949a3617808930f9f507d03c,4db1f53322fbb73c6bd775e5c7c9cdfef1c776a7a2cdb47f80b966021e1b8fa7,0.003752839,0.082113330,0000
901,001a,0010,e3b0c44298fc1c149afbf4c8996fb92427ae41e4649b934ca495991b7852b855,5c46eeacfe1a3a9eacc057969d88c9f732423ef6948d72a44ebc63cd1aeb5583,4e4290db86b7281f429b2f9aa5ebe7d7f53a56a4385b5ada4ddfdd3633d659ac,c5e536361221d6cc36d7fba4254a2e8a0a560ac6eb7c00cc979a4ab70faa3ae5,972f73882045ed27f2c061c49cca4a02ef3d64021746714086aab3fed96a53a0,26ec4021e615be5b2de99a82ec665446527db2d9c9735806e245848c74a6af0b,9aa001a88a601279fa7e92330d2112ba6a6594d87ec36869bcbe6da38214eb30,ab389e037cfa8667bb5e6661667eb5ded32a1c47b889f272650ca773cdf1d7e1,0.003792383,0.082188299,0000
902,001a,0010,e3b0c44298fc1c149afbf4c8996fb92427ae41e4649b934ca495991b7852b855,9f480f26c4ecbc326193ddf8b48352eb1941db721a92d85ccccbb020d05d87ee,1237739138c549325438458ca28f8b3f421a736409c0463ac113293006b40dfa,c5e536361221d6cc36d7fba4254a2e8a0a560ac6eb7c00cc979a4ab70faa3ae5,972f73882045ed27f2c061c49cca4a02ef3d64021746714086aab3fed96a53a0,26ec4021e615be5b2de99a82ec665446527db2d9c9735806e245848c74a6af0b,7a06dcb97a85ef73903a8270127c2f3358556f388e799706130f2710590dcdf1,0e5ce0336e996615cae844af64e05e9a3d0498a2f18c4bdd353d3ffcb5602007,0.003757696,0.082208241,0000
903,001a,0010,e3b0c44298fc1c149afbf4c8996fb92427ae41e4649b934ca495991b7852b855,f2b4e59a1378e0958bbeb2440ce4a6c4bea22e9b7aaca5625235b1aadb8ee6e4,1d200a9e647f37620390efe72b7a0f0e795f4b3e016ca6d0dd78018791c0f48b,c5e536361221d6cc36d7fba4254a2e8a0a560ac6eb7c00cc979a4ab70faa3ae5,972f73882045ed27f2c061c49cca4a02ef3d64021746714086aab3fed96a53a0,26ec4021e615be5b2de99a82ec665446527db2d9c9735806e245848c74a6af0b,1b8e4051785c48e74e170ae218be134225dcd32838c4406599926f9f22ddb668,1991fef279f15d2fe2c2f00fc96c11bcb143a3b599e537cfe1c61de98c103046,0.003759391,0.082212678,0000
904,001a,0010,e3b0c44298fc1c149afbf4c8996fb92427ae41e4649b934ca495991b7852b855,75c803e1f599e6f7e0af92e7d97cb9d77025586486d5d05d03803b05503115b1,5ccaa1a7cf80dd5e3986fe4fc477a6c1e92c45e7ff3c305730ab7eadabf8ff6e,c5e536361221d6cc36d7fba4254a2e8a0a560ac6eb7c00cc979a4ab70faa3ae5,972f73882045ed27f2c061c49cca4a02ef3d64021746714086aab3fed96a53a0,26ec4021e615be5b2de99a82ec665446527db2d9c9735806e245848c74a6af0b,a08cbaa83fe664b93cf768a9a17800362eb3de4015d8ec4afaffbcea66bc8cb9,ee090978d282742d958b7760dfebdfec3ff9b090eda9aa3294147d83627a5d2d,0.003781150,0.082217233,0000
905,001a,0010,e3b0c44298fc1c149afbf4c8996fb92427ae41e4649b934ca495991b7852b855,e1696608b1ba9f233ee0f4048f4a009d929fc13f7b27c0f41fdb3d037aa7cce4,0594a4f1a7c97396d588ac8411ec5a322a36f09f0c844ceec4a1f681906c9b59,c5e536361221d6cc36d7fba4254a2e8a0a560ac6eb7c00cc979a4ab70faa3ae5,972f73882045ed27f2c061c49cca4a02ef3d64021746714086aab3fed96a53a0,26ec4021e615be5b2de99a82ec665446527db2d9c9735806e245848c74a6af0b,9782f8da258b983a183c3fc593dac91769af2db757ba5d24a5f4cbefad166b37,d92c423d7953b3e7dac867de7f7e18d35338862bba9e34d903d4a8f80b30a35b,0.003764864,0.082183931,0000
906,001a,0010,e3b0c44298fc1c149afbf4c8996fb92427ae41e4649b934ca495991b7852b855,422bc9646ccd24fb7144d452164a3f04260f445dd692771af802e9462790d1a0,60fc43383bde52ba598bd34733de0ec3808b7fca99db8ca0c752d7d06e4f01d5,c5e536361221d6cc36d7fba4254a2e8a0a560ac6eb7c00cc979a4ab70faa3ae5,972f73882045ed27f2c061c49cca4a02ef3d64021746714086aab3fed96a53a0,26ec4021e615be5b2de99a82ec665446527db2d9c9735806e245848c74a6af0b,625a93f013abac33adb9dfc579dd7a03d82b4f0a423e8603cb1af01f60e223a4,0fc34922c5b6d7620ed15d811b3d5848cb4a2aed35b5ac8fa5847080d5889428,0.003794498,0.082194325,0000
907,001a,0010,e3b0c44298fc1c149afbf4c8996fb92427ae41e4649b934ca495991b7852b855,b49fa05a8c245a2c368473c27b71e1032c115f05c678ce72490aab3773bcff0e,cd672eb29be9a7c2de6cde79eb228ec309be27541f94f92f5f7893914fec08a2,c5e536361221d6cc36d7fba4254a2e8a0a560ac6eb7c00cc979a4ab70faa3ae5,972f73882045ed27f2c061c49cca4a02ef3d64021746714086aab3fed96a53a0,26ec4021e615be5b2de99a82ec665446527db2d9c9735806e245848c74a6af0b,41632170f52e5dc47ac7035475a35c9e41b5d1c57321d50520ee894bfb8ca77e,3d80a42d2b6ecf872a93480b23dd7191f1e441e296fc913943e2f4934c89e947,0.003749428,0.082188843,0000
908,001a,0010,e3b0c44298fc1c149afbf4c8996fb92427ae41e4649b934ca495991b7852b855,045299bc7cdf3a1fa1512bcad24ccbd37f423cde6d8d6bc14f2d38f2c1df657c,28edf2d0c1f72c6379ca07bb0030e8f67255d24c1bbc38dbd8e5209d202a1102,c5e536361221d6cc36d7fba4254a2e8a0a560ac6eb7c00cc979a4ab70faa3ae5,972f73882045ed27f2c061c49cca4a02ef3d64021746714086aab3fed96a53a0,26ec4021e615be5b2de99a82ec665446527db2d9c9735806e245848c74a6af0b,807bb556ae31750e5736b301f6e674f233d3b6f05704816579acee087ed87e6a,75638bca17c2d2e7906ada8debec1cbc346dc414626fbee9875fef7e73a84971,0.003788615,0.082240265,0000
909,001a,0010,e3b0c44298fc1c149afbf4c8996fb92427ae41e4649b934ca495991b7852b855,9c094cf430de1fcce651f344618cc3b0884c396ac07902e18d85dcffc7402bfe,2f78ea72e3d75cf2470a046f780c97230d7deb7f3a1d32b35e67dfe990c65653,c5e536361221d6cc36d7fba4254a2e8a0a560ac6eb7c00cc979a4ab70faa3ae5,972f73882045ed27f2c061c49cca4a02ef3d64021746714086aab3fed96a53a0,26ec4021e615be5b2de99a82ec665446527db2d9c9735806e245848c74a6af0b,e268fb27d897ae0623078f40ad364390fc2320f374d31550abfd46a991be0d2f,9d276ad5ba1d03e95ace648e2372284963660a15761e92ac930196ce7b0481ec,0.003768792,0.082182410,0000
910,001a,0010,e3b0c44298fc1c149afbf4c8996fb92427ae41e4649b934ca495991b7852b855,37bfaeea9824c83550f3dff7f553a73f61e70f395d96a10d191120a95e2d9fc5,3aae9c1df16c00796d339383fc3bd8b9b44500a4e2f97462561386b1119a3774,c5e536361221d6cc36d7fba4254a2e8a0a560ac6eb7c00cc979a4ab70faa3ae5,972f73882045ed27f2c061c49cca4a02ef3d64021746714086aab3fed96a53a0,26ec4021e615be5b2de99a82ec665446527db2d9c9735806e245848c74a6af0b,f8e7cfac3eb2396b08042a702886635f87625e370bb132b85c1aa6f43c9b3d0a,d59796bf42f10ca87561e0b80f1b63ba192b2cb70a345f81e11f445c09505078,0.003729445,0.082242648,0000
911,001a,0010,e3b0c44298fc1c149afbf4c8996fb92427ae41e4649b934ca495991b7852b855,0f42740af6f1fb5230d2575e1bfa2fcaf1d2bda7b50c26f67841cb89793ed1dd,d372f98e1588cc6c6302dfb47f9ceb1f192ece46dc72d27aee0da10875b28c85,c5e536361221d6cc36d7fba4254a2e8a0a560ac6eb7c00cc979a4ab70faa3ae5,972f73882045ed27f2c061c49cca4a02ef3d64021746714086aab3fed96a53a0,26ec4021e615be5b2de99a82ec665446527db2d9c9735806e245848c74a6af0b,a1312edbab922b513a37936f51eea581921168e50219b205df168ee45e2e1206,7530c860fcc64e0c4c4087b8df06896b3d4c860136eae9f2d22ecbd027e52672,0.003812684,0.082237106,0000
912,001a,0010,e3b0c44298fc1c149afbf4c8996fb92427ae41e4649b934ca495991b7852b855,8ea21c79edef5f55b5bd0a65b67ef077972bf8c9f6c31202559d2ddfee1c8505,db73650a6e693ed9ca20876a0ad9c9935b276d6f7f8cff2aad449d04a9569bb9,c5e536361221d6cc36d7fba4254a2e8a0a560ac6eb7c00cc979a4ab70faa3ae5,972f73882045ed27f2c061c49cca4a02ef3d64021746714086aab3fed96a53a0,26ec4021e615be5b2de99a82ec665446527db2d9c9735806e245848c74a6af0b,37ffa0e9daff6ba3fd4dd17b6bc10c3bf42d979ff1aeaa7352e01d31ec4e4bdc,c86d20055d4d50e3dfd952e9ab2dc2948d62fdbdd315150765fc75a9dd9699ac,0.003800905,0.082122918,0000
913,001a,0010,e3b0c44298fc1c149afbf4c8996fb92427ae41e4649b934ca495991b7852b855,b7b85eab0f251de279299a3cdfc311b17afa4cad82d9195f32db5cd72033b787,631e6bf0376bc4f7c443b470d36a8930ee93cbde947ff932499b112fb4884838,c5e536361221d6cc36d7fba4254a2e8a0a560ac6eb7c00cc979a4ab70faa3ae5,972f73882045ed27f2c061c49cca4a02ef3d64021746714086aab3fed96a53a0,26ec4021e615be5b2de99a82ec665446527db2d9c9735806e245848c74a6af0b,a4774e2ae0b0f76147bf62e8f106ef820a806bac91b710137e6ce750ac880ad0,2c7919ea8dd6d0197a2e1c0fc6db338bf2fef1a0ebed07dbbbc3483543bf27d4,0.003772722,0.082189795,0000
914,001a,0010,e3b0c44298fc1c149afbf4c8996fb92427ae41e4649b934ca495991b7852b855,14be01b4d4a36097c545c8b668417fc84d0e415e31d4d1acf7dadc3b4c6c4465,1a1fed53a75f445fc44ab52aa62c2d15166e68a47a7a878f2cf1cd02fd0608aa,c5e536361221d6cc36d7fba4254a2e8a0a560ac6eb7c00cc979a4ab70faa3ae5,972f73882045ed27f2c061c49cca4a02ef3d64021746714086aab3fed96a53a0,26ec4021e615be5b2de99a82ec665446527db2d9c9735806e245848c74a6af0b,e8a9fefa1b0c3aed57cb11a9dbc05f3bb2f3cc6854bae83ea44c62a184e41303,01dce53898d2ac22c805fdf3535d2d324267ff4c0a99993266febaff764f945b,0.003791228,0.082185854,0000
915,001a,0010,e3b0c44298fc1c149afbf4c8996fb92427ae41e4649b934ca495991b7852b855,9bb05d555b2fc52f538b7f838a6110c138182ec0e677d559832aece9ff235dd5,b89665b0221d8b6b94cfac99a20651fe2ca599535b4ac5de15810e1a26cd8149,c5e536361221d6cc36d7fba4254a2e8a0a560ac6eb7c00cc979a4ab70faa3ae5,972f73882045ed27f2c061c49cca4a02ef3d64021746714086aab3fed96a53a0,26ec4021e615be5b2de99a82ec665446527db2d9c9735806e245848c74a6af0b,270ff763e4e95ec62fa3647c6b4fe81b866e4e1ce113da8c1d29332df7f92fbc,00fb7c0cb8cc15d76419959fade3bd9dbd853ac3675757c99df89ee70d4bcaf2,0.003622528,0.082164726,0000
916,001a,0010,e3b0c44298fc1c149afbf4c8996fb92427ae41e4649b934ca495991b7852b855,eb2b48490d1ae95747b401f222f109e6a18c9c69d6c364275b738361b247ebe5,5dfdd48555db15c4160a0d3cf68018863934cdf60b2fdd7a2b920d017611081d,c5e536361221d6cc36d7fba4254a2e8a0a560ac6eb7c00cc979a4ab70faa3ae5,972f73882045ed27f2c061c49cca4a02ef3d64021746714086aab3fed96a53a0,26ec4021e615be5b2de99a82ec665446527db2d9c9735806e245848c74a6af0b,444616eb65fd54fbd7813e051bfe88a36b281f8c4a3fc6ee3fc243f19b6c32ca,9dcfcc41819ba1c9c7bd8c2b730534586b9547aca5a88f1a183a0c491cbe7915,0.003760112,0.082369681,0000
917,001a,0010,e3b0c44298fc1c149afbf4c8996fb92427ae41e4649b934ca495991b7852b855,9568d1a71f562d0690dfe00afe87c16e12b122f28fb75559e4520e9e37f3543b,9ce34404a755810ad392b17085609b0ae1abe6ed91606cc64c22b81a5fbcb0b8,c5e536361221d6cc36d7fba4254a2e8a0a560ac6eb7c00cc979a4ab70faa3ae5,972f73882045ed27f2c061c49cca4a02ef3d64021746714086aab3fed96a53a0,26ec4021e615be5b2de99a82ec665446527db2d9c9735806e245848c74a6af0b,bc27e99e0472eace6fd3d0134e73f9cb228722c406b84b4ba2f69ad8210fe605,b0e4ff3b0b05b0f7c8298c4174af8e8860f5c5fcbce061f5a822896ecc882267,0.003777715,0.082211553,0000
918,001a,0010,e3b0c44298fc1c149afbf4c8996fb92427ae41e4649b934ca495991b7852b855,bc0b812399ad5b217cc20d153c54ea1576ab61258b8d892471aa93b613829705,1c9111363affd63fbb11fe825a024fd8a17b439176c9c2bf79dac95eba367261,c5e536361221d6cc36d7fba4254a2e8a0a560ac6eb7c00cc979a4ab70faa3ae5,972f73882045ed27f2c061c49cca4a02ef3d64021746714086aab3fed96a53a0,26ec4021e615be5b2de99a82ec665446527db2d9c9735806e245848c74a6af0b,bfcfcac4c9722e4a8bd48bdffe7088d99710cbb0396616b2542adfe49408e85f,3a9985eb9e10ef6dfe8d43e24ee33e6e1e40f7d6f599b4784751d8d021b93145,0.003697510,0.082200118,0000
919,001a,0010,e3b0c44298fc1c149afbf4c8996fb92427ae41e4649b934ca495991b7852b855,12133fb4b699a5ce776efedab0c22970d6c57e1abeb5f2c4b9dfb7cb0b5b3b17,dc62f8d2421a6d01124bde9f7e6c807c72e11c63c4d1e66149a0ddfdf4e89ca9,c5e536361221d6cc36d7fba4254a2e8a0a560ac6eb7c00cc979a4ab70faa3ae5,972f73882045ed27f2c061c49cca4a02ef3d64021746714086aab3fed96a53a0,26ec4021e615be5b2de99a82ec665446527db2d9c9735806e245848c74a6af0b,b501d3a9acd8143481fcc6baa201d073ff317c22afab473a5c911abb25c78f07,2cfefe4bf6b92a492f957acc9ed20f80bb4916d86b02aae7303de8b30fed4a86,0.003774090,0.082285877,0000
920,001a,0010,e3b0c44298fc1c149afbf4c8996fb92427ae41e4649b934ca495991b7852b855,4f2aec5a98e3e468972d1ae7284853160d450a6a1ab6208398344e81fad3540e,5f0cb44bbc188b3746b3ef1bd8b3a983aa0a937e061753c902fbcf64240ce9f7,c5e536361221d6cc36d7fba4254a2e8a0a560ac6eb7c00cc979a4ab70faa3ae5,972f73882045ed27f2c061c49cca4a02ef3d64021746714086aab3fed96a53a0,26ec4021e615be5b2de99a82ec665446527db2d9c9735806e245848c74a6af0b,0681313f0207d9f02418004039fc5f903aeeec1f06855faa10920dd13c68f581,6d9c57ee9682a3809dc0f35ba9c31b29b3d99c4cdadc0ea008c2a758aa9eb479,0.003800470,0.082174625,0000
921,001a,0010,e3b0c44298fc1c149afbf4c8996fb92427ae41e4649b934ca495991b7852b855,2a1249fca799882a2d4a7caf3ae58d4b8e22e3069733ef7924d30b08ac78864a,2442869be438f87e20c86266107e4c2f2f152efc424f289212ae975035c0f95a,c5e536361221d6cc36d7fba4254a2e8a0a560ac6eb7c00cc979a4ab70faa3ae5,972f73882045ed27f2c061c49cca4a02ef3d64021746714086aab3fed96a53a0,26ec4021e615be5b2de99a82ec665446527db2d9c9735806e245848c74a6af0b,c00722b611056757ca622f99d803a919079bba564dfb8effac91d5e0eb7d589c,9c290b9e3123a58c397fd3604b56583c2ae4dda0d8ec76e1dc04802a1c0c806a,0.003756014,0.082198418,0000
922,001a,0010,e3b0c44298fc1c149afbf4c8996fb92427ae41e4649b934ca495991b7852b855,0c4edf03fc560f04d7bf66ce2db16deda5fae36a1716634e00b0e3ac64398f48,38771abf77fc68e42abcf7c18c00177343f9bb850f05e3aeb53d1ddfafa7ee0f,c5e536361221d6cc36d7fba4254a2e8a0a560ac6eb7c00cc979a4ab70faa3ae5,972f73882045ed27f2c061c49cca4a02ef3d64021746714086aab3fed96a53a0,26ec4021e615be5b2de99a82ec665446527db2d9c9735806e245848c74a6af0b,94f9dad2eecb615fca8110776a657bbf40aa968a0f3848664f54fda415bd0e7b,df41c9e7a9b674ecef7b170886570ca3ddeb95b3c4d87a15f2ca0b38f4a184e0,0.003772188,0.082193319,0000
923,001a,0010,e3b0c44298fc1c149afbf4c8996fb92427ae41e4649b934ca495991b7852b855,059f708f1eb8290cb4557e24d7d54f7f1b2e4e7dcc4ee65a08f841815782757b,8d97c67704eff0d21ed18ba16af7bcb460fed047ec6020ac4916326e80174d3c,c5e536361221d6cc36d7fba4254a2e8a0a560ac6eb7c00cc979a4ab70faa3ae5,972f73882045ed27f2c061c49cca4a02ef3d64021746714086aab3fed96a53a0,26ec4021e615be5b2de99a82ec665446527db2d9c9735806e245848c74a6af0b,57db8e278a8c22a110b4aeecbecde640a699f019bfce777da57be8f890de6ecb,48913e81cb5b26071820e1416c38671fd3dad98c6a618ff2c26e44e79050b347,0.003801309,0.082251120,0000
924,001a,0010,e3b0c44298fc1c149afbf4c8996fb92427ae41e4649b934ca495991b7852b855,c4b944fd78b64ca7b3ae9def0833ed16e9c2bad7ee7f092859302f4313882b67,ec89507f75e777137ce9cad375b39e3fc96249ef870e49c3db993f4e4cb01c26,c5e536361221d6cc36d7fba4254a2e8a0a560ac6eb7c00cc979a4ab70faa3ae5,972f73882045ed27f2c061c49cca4a02ef3d64021746714086aab3fed96a53a0,26ec4021e615be5b2de99a82ec665446527db2d9c9735806e245848c74a6af0b,173f2427cc151ccd8ee8504d0cbf2334124c1caaa0413a92e3ca72a100be5713,39a67be53427df49345924cf4e2333b43bacce9cb9e2e1d89291f4f5e571c0d0,0.003807696,0.082166575,0000
925,001a,0010,e3b0c44298fc1c149afbf4c8996fb92427ae41e4649b934ca495991b7852b855,ec280d2a0135131568ca3871bdc72e08d98269e4992350c947d7cb4118d2eae6,d5fcb70e6a373f3b32117f94ed6760c8942bfa3c95cf7d99b14f32512235a12b,c5e536361221d6cc36d7fba4254a2e8a0a560ac6eb7c00cc979a4ab70faa3ae5,972f73882045ed27f2c061c49cca4a02ef3d64021746714086aab3fed96a53a0,26ec4021e615be5b2de99a82ec665446527db2d9c9735806e245848c74a6af0b,50167526901cba38878db41eef0a377b54cb4fb26a9c1358d7753e78e81f40e6,3bb257750699e0ea7891d74de9be3b75f991879970fee02833d5594177a66a0b,0.003787609,0.082137042,0000
926,001a,0010,e3b0c44298fc1c149afbf4c8996fb92427ae41e4649b934ca495991b7852b855,2d840343ba97e164fa968c08118b73c4816826a7fa35572881b5f045833bc398,4fb7aefef6caa0df7096466ee3bdafbecf3229121664b9b60144cc4765971bc6,c5e536361221d6cc36d7fba4254a2e8a0a560ac6eb7c00cc979a4ab70faa3ae5,972f73882045ed27f2c061c49cca4a02ef3d64021746714086aab3fed96a53a0,26ec4021e615be5b2de99a82ec665446527db2d9c9735806e245848c74a6af0b,ca36f7c3de45d4d471d62ecf09ee8c4efd5bed1f28cbcb29e5bb566153f61065,cb57ba3ff10add6e6c9c667aa7a15e700d848d16c0bd3847888fe7215dffb8fb,0.003771314,0.082190900,0000
927,001a,0010,e3b0c44298fc1c149afbf4c8996fb92427ae41e4649b934ca495991b7852b855,cb0a90ff2593466617abeaf0e8af3d28745875146fa053caf415d8d594b2bf8b,8c54d4ecd3b20fad65c22cf37f4841abec9c61c24b3db30173d7477836838691,c5e536361221d6cc36d7fba4254a2e8a0a560ac6eb7c00cc979a4ab70faa3ae5,972f73882045ed27f2c061c49cca4a02ef3d64021746714086aab3fed96a53a0,26ec4021e615be5b2de99a82ec665446527db2d9c9735806e245848c74a6af0b,c783772dfce87e2dead7c28aa92d5c438a4514b3293eae301bcc65b75c4c8430,6446cec60551983e98ed0b4ab0ae9776ff0272edf575ef1094f1a233e7dc2140,0.003794035,0.082181291,0000
928,001a,0010,e3b0c44298fc1c149afbf4c8996fb92427ae41e4649b934ca495991b7852b855,80f84fabaa4522fbde0396692bef0fbe6728deac0c52f8e9786a318b57157897,14a541af3a07e0ad604acafb6e22e6f4b3a30ea5b7cf5483b4d9b7d2fdfdbd30,c5e536361221d6cc36d7fba4254a2e8a0a560ac6eb7c00cc979a4ab70faa3ae5,972f73882045ed27f2c061c49cca4a02ef3d64021746714086aab3fed96a53a0,26ec4021e615be5b2de99a82ec665446527db2d9c9735806e245848c74a6af0b,abc887d95beefd57266946687398ce1e3e8e687d36a781f3c7c5a884a8cc33aa,5d2ca14039f5bf13cf500e837ae3e05fedc4a60d58dfa4e083696756bea1b4bc,0.003752101,0.082182113,0000
929,001a,0010,e3b0c44298fc1c149afbf4c8996fb92427ae41e4649b934ca495991b7852b855,622ab839dadaad5539914f49f68adf88aef29f865d9cc58bf6c68cad056590fd,78555be69ac5e81e54d9ee8f3a08a668eec62b416992b20948ef42ae83bde445,c5e536361221d6cc36d7fba4254a2e8a0a560ac6eb7c00cc979a4ab70faa3ae5,972f73882045ed27f2c061c49cca4a02ef3d64021746714086aab3fed96a53a0,26ec4021e615be5b2de99a82ec665446527db2d9c9735806e245848c74a6af0b,2f9e574b494d8dda354bef577bdeadd85f71ad4a076280f9ba6b06ffcd7674c2,9a70827542bb8a327e5b6dd203e1808a5af3c594449ab0755498d2b84768e0f7,0.003804254,0.082209009,0000
930,001a,0010,e3b0c44298fc1c149afbf4c8996fb92427ae41e4649b934ca495991b7852b855,8dde38a16c2fcfdacfe09217b7e30002eb5cf749007b0458f73c44d685dc6b5d,a98610145a0fc5c2c1e6e4f4eea98ba34956ebcbb6c5117d2f18d70419c38212,c5e536361221d6cc36d7fba4254a2e8a0a560ac6eb7c00cc979a4ab70faa3ae5,972f73882045ed27f2c061c49cca4a02ef3d64021746714086aab3fed96a53a0,26ec4021e615be5b2de99a82ec665446527db2d9c9735806e245848c74a6af0b,f1e5a7a9b0fe5d65985dc42b164934ace3bd653e87ce8101c8fd62ea78157baf,7d16a4139aba126a0c9807a59b446d6af6c4bc255febe6155a487682605f1c28,0.003802804,0.082182760,0000
931,001a,0010,e3b0c44298fc1c149afbf4c8996fb92427ae41e4649b934ca495991b7852b855,a28a74ca85a97381798544fd79b4e7352fac65625e6516a4dace1a2525607b17,b0df7b8bf2aba8de47630056a680640d93b5027e9d7cb429bfa4e2d7bbfce93e,c5e536361221d6cc36d7fba4254a2e8a0a560ac6eb7c00cc979a4ab70faa3ae5,972f73882045ed27f2c061c49cca4a02ef3d64021746714086aab3fed96a53a0,26ec4021e615be5b2de99a82ec665446527db2d9c9735806e245848c74a6af0b,4f815fb2c010bd8290574fa6ec6e87c6dd713ef7428ea289ddbd9f863da7c7f9,abbb4ac9071c571f0727c606166db0bfa0eabebe49aa8fa4fa70ddbf2172d3f5,0.003756564,0.082199989,0000
932,001a,0010,e3b0c44298fc1c149afbf4c8996fb92427ae41e4649b934ca495991b7852b855,44e85e4f0c6368d0bbc11c58a4e35b30745cc6884611b335430e78019c2779fe,177aa72cac8ebe235edf9204f23de0ff305d85ee68ce3b753570656ce4c76dcd,c5e536361221d6cc36d7fba4254a2e8a0a560ac6eb7c00cc979a4ab70faa3ae5,972f73882045ed27f2c061c49cca4a02ef3d64021746714086aab3fed96a53a0,26ec4021e615be5b2de99a82ec665446527db2d9c9735806e245848c74a6af0b,63aee7502724f8cd332b79145f9b05e1abdd779de9dbf948e8a7362761aedd61,ca3575e88476946bde9dfc64a0ffda61d8b71df913327448a235b11620bde65c,0.003772751,0.082196597,0000
933,001a,0010,e3b0c44298fc1c149afbf4c8996fb92427ae41e4649b934ca495991b7852b855,1f53c3e4e95d16aa643231d6224b5ffdc02aa2b89ad55d3d0cf6a6733293a4f4,80719d1005510165cb741190c017fe62a0846a7e860d8f2a5c1195652c55dac0,c5e536361221d6cc36d7fba4254a2e8a0a560ac6eb7c00cc979a4ab70faa3ae5,972f73882045ed27f2c061c49cca4a02ef3d64021746714086aab3fed96a53a0,26ec4021e615be5b2de99a82ec665446527db2d9c9735806e245848c74a6af0b,d9baa41d1d1bd42a4fb7553008edc4c3a2d037caae432a40979f5abef5082353,2ce3d3d58ac981358e7e6fcdcb7084ddd5d9a4be467a124d28a9cb4f5651b88e,0.003745395,0.082198777,0000
934,001a,0010,e3b0c44298fc1c149afbf4c8996fb92427ae41e4649b934ca495991b7852b855,a335c37cda87f749f16806bba4263415a230664f6faccd1bbfaf681f2ce7b31d,a803576e2350cd3a3d23a8523f3ad8330dd948dc76c013338e036adc4c998036,c5e536361221d6cc36d7fba4254a2e8a0a560ac6eb7c00cc979a4ab70faa3ae5,972f73882045ed27f2c061c49cca4a02ef3d64021746714086aab3fed96a53a0,26ec4021e615be5b2de99a82ec665446527db2d9c9735806e245848c74a6af0b,c797f0bc2343b6f77e530867b271b5230a2f2c9caa9167d3922986ea8418fd8b,03a082432b1a34de14e8ba8c0fcbec4664d87b88f9e18b8ef7b61c7a9391b116,0.003773943,0.082243133,0000
935,001a,0010,e3b0c44298fc1c149afbf4c8996fb92427ae41e4649b934ca495991b7852b855,c02ca7a6ca10ba25dc256172ad05c935beff769be43b12acf8b287c62e57cc33,3b87a9695f5a4ee414ff4c0ad1e5866cf88e7d529c594294114e7c8c7d2e270e,c5e536361221d6cc36d7fba4254a2e8a0a560ac6eb7c00cc979a4ab70faa3ae5,972f73882045ed27f2c061c49cca4a02ef3d64021746714086aab3fed96a53a0,26ec4021e615be5b2de99a82ec665446527db2d9c9735806e245848c74a6af0b,a6753a3f087ce5b4bba5be3855be01e77016d00ef79dded6c9d6a6be3ee6411e,f3c0e4d3a9281ffcee89a919f571f7e5fcfd53a972f45d5844ad6fb806bde427,0.003783058,0.082181905,0000
936,001a,0010,e3b0c44298fc1c149afbf4c8996fb92427ae41e4649b934ca495991b7852b855,439d0266c42a4875f60a2a6082bbfa237db316181165bbc7c76c23a9bb7192c8,3a8997ae9b9e6a007c001715826e2d460c06a546bd99d0cabe5da2a83bdd045b,c5e536361221d6cc36d7fba4254a2e8a0a560ac6eb7c00cc979a4ab70faa3ae5,972f73882045ed27f2c061c49cca4a02ef3d64021746714086aab3fed96a53a0,26ec4021e615be5b2de99a82ec665446527db2d9c9735806e245848c74a6af0b,2b9b3650bf0e429b9e64d97f6210fadc0423194d14354c6c2ce385189f68d376,14fb9377d9d5658f4de9a8c17fa85108751b7d47ffbca65f2fb454da1c2e8b5d,0.003792399,0.082247617,0000
937,001a,0010,e3b0c44298fc1c149afbf4c8996fb92427ae41e4649b934ca495991b7852b855,43be1ef3488d6627d62a86400080a50523a9c27eee0a10a3801401042b2bd46a,1381b77eb34e1bd519ff686d74da0457ae4e43ed849361e4580a1a0821081640,c5e536361221d6cc36d7fba4254a2e8a0a560ac6eb7c00cc979a4ab70faa3ae5,972f73882045ed27f2c061c49cca4a02ef3d64021746714086aab3fed96a53a0,26ec4021e615be5b2de99a82ec665446527db2d9c9735806e245848c74a6af0b,21992993510fabe79f4edf654536beeccbeed3de8ce86fba3f65d13cbb1d8ea2,e41e3b88983d7756f2a4e93ec5b1a35bf35ab2265ad795a13586236ab20aac83,0.003776757,0.082141150,0000
938,001a,0010,e3b0c44298fc1c149afbf4c8996fb92427ae41e4649b934ca495991b7852b855,f7d9f236198f72ae3bf36efc640f142c7f54197076642785a1d6131e39e6753b,21a0848a0b59b1b3e2a36173b5d1707727fb6b22967a023fe369fc3f9e63f914,c5e536361221d6cc36d7fba4254a2e8a0a560ac6eb7c00cc979a4ab70faa3ae5,972f73882045ed27f2c061c49cca4a02ef3d64021746714086aab3fed96a53a0,26ec4021e615be5b2de99a82ec665446527db2d9c9735806e245848c74a6af0b,f7a15ae586e7012a229c5d78e38efe6fde802fc82c2bddfc4ace6eac67f17029,8ed12447fc52a16ddf0e49719aedf5ce1f41382342d17f110592c6bcf9d24f4b,0.003788414,0.082169013,0000
939,001a,0010,e3b0c44298fc1c149afbf4c8996fb92427ae41e4649b934ca495991b7852b855,52f7bf4dc9474f7e4e09450615f5073bcb4b49c7869a42304b5d419643fa3749,7d1949287e72e6451068d37eaaf0a7f65ee6dc6b240285d830d87db965803e5c,c5e536361221d6cc36d7fba4254a2e8a0a560ac6eb7c00cc979a4ab70faa3ae5,972f73882045ed27f2c061c49cca4a02ef3d64021746714086aab3fed96a53a0,26ec4021e615be5b2de99a82ec665446527db2d9c9735806e245848c74a6af0b,89d0314824bc8a73b22659d7f262cf86ff52c5cd0dd0052dbbf12713862eb4f3,2d5271c1d7894709478145c10e059b38733ef60b1712b7369a3005fae690ab0b,0.003792436,0.082224642,0000
940,001a,0010,e3b0c44298fc1c149afbf4c8996fb92427ae41e4649b934ca495991b7852b855,06f43df5078a4dad30ca94d5a8842d5c2d1806b80f09b4dbddb5c74a3cefc0d2,eb0a73ef731c8bd37ab81404ae1d6a067478d3aa3667f7709688b6249144e779,c5e536361221d6cc36d7fba4254a2e8a0a560ac6eb7c00cc979a4ab70faa3ae5,972f73882045ed27f2c061c49cca4a02ef3d64021746714086aab3fed96a53a0,26ec4021e615be5b2de99a82ec665446527db2d9c9735806e245848c74a6af0b,6de161cbeb2da2a23853c69116f7bec32f5cb5169c6d75cef48c662ffc2badc4,79d02db74d911bef90d9282ef19e5bc07278102756d8efee50d234fc7cd372dc,0.003793181,0.082155764,0000
941,001a,0010,e3b0c44298fc1c149afbf4c8996fb92427ae41e4649b934ca495991b7852b855,de029f04d3c5665da214ddc310e4661298e67f66e4355f0f708828891cf7868c,b37d63f190e84a19a321929912f1d7f87ea4566d1b59a877f525ecbccb041234,c5e536361221d6cc36d7fba4254a2e8a0a560ac6eb7c00cc979a4ab70faa3ae5,972f73882045ed27f2c061c49cca4a02ef3d64021746714086aab3fed96a53a0,26ec4021e615be5b2de99a82ec665446527db2d9c9735806e245848c74a6af0b,aec61962927025910ee6f0afad9710af3ff6bccb72d0ccfc71fdce47b1edc0d6,004058447181136ac051d276e772e79148a882b52b2adb2413ec9fbe37b24aa5,0.003784980,0.082236402,0000
942,001a,0010,e3b0c44298fc1c149afbf4c8996fb92427ae41e4649b934ca495991b7852b855,ca517747621a1b268dc8260986958c4288c4fa64ab92c078deb7e76429cc683a,42c1eafe78a29d740bfee18548c39fc90b1f1eb0e467c034b5c009fcf9a5e774,c5e536361221d6cc36d7fba4254a2e8a0a560ac6eb7c00cc979a4ab70faa3ae5,972f73882045ed27f2c061c49cca4a02ef3d64021746714086aab3fed96a53a0,26ec4021e615be5b2de99a82ec665446527db2d9c9735806e245848c74a6af0b,2ca8dd757603afca6decae1c3aef48b8c40f781bc2f5b7eeab9f88860723c868,3f01566c415048fbac6645bc54dfcf822f396a43ce49127ff66daf991c95756f,0.003764105,0.082173515,0000
943,001a,0010,e3b0c44298fc1c149afbf4c8996fb92427ae41e4649b934ca495991b7852b855,d56b8b1913320cdc87a88a73db669cfd13d4d0bbc3bcff006847c7d54da9d965,6f7f32aa4fbeca35ac3e6b1809f9c9f230a977eb2bef2321cc67a6ffeeeb1639,c5e536361221d6cc36d7fba4254a2e8a0a560ac6eb7c00cc979a4ab70faa3ae5,972f73882045ed27f2c061c49cca4a02ef3d64021746714086aab3fed96a53a0,26ec4021e615be5b2de99a82ec665446527db2d9c9735806e245848c74a6af0b,f4d110eb068f3fb9cad0ef11e56451a136817cbb45045377ca9252f4b9770f14,09b25437e11e3957d9c9497db3b7188284a9c88385dc63d5445564b378282e48,0.003780335,0.082201391,0000
944,001a,0010,e3b0c44298fc1c149afbf4c8996fb92427ae41e4649b934ca495991b7852b855,e996f7e24a95ad413b11d313c5662cd6e9ebbf9b6519807572a1eea4ca42cc30,a13c0ee2288875b56aac3572912ffb3c1f568c188b0ad04b2348b18f0136c585,c5e536361221d6cc36d7fba4254a2e8a0a560ac6eb7c00cc979a4ab70faa3ae5,972f73882045ed27f2c061c49cca4a02ef3d64021746714086aab3fed96a53a0,26ec4021e615be5b2de99a82ec665446527db2d9c9735806e245848c74a6af0b,3f7c28d90c91e378169c3706f1b2912d3190074689986207595cb108e4fcdb7f,7a94838eb6969bbc9690d00408f2748840412286733339619dd72d44f9c41b99,0.003836682,0.082197706,0000
945,001a,0010,e3b0c44298fc1c149afbf4c8996fb92427ae41e4649b934ca495991b7852b855,c8c0ae811d1b41198d7d883bb17bc0c528fc136eea4c352931bbe9d5c642b209,b46220aa43481e9df52a8c9ad3f5c2da5c801ad9b1f429e5b7737b44fb929b7a,c5e536361221d6cc36d7fba4254a2e8a0a560ac6eb7c00cc979a4ab70faa3ae5,972f73882045ed27f2c061c49cca4a02ef3d64021746714086aab3fed96a53a0,26ec4021e615be5b2de99a82ec665446527db2d9c9735806e245848c74a6af0b,5aa197053514f2f6d2db554a9003e3a4faf4c9b6e4dd1d37069a63c2a1604047,a168e6009d4bad59de4cd06ee3e3ee2eefae72fbaee18d4c2c7006efc178a6de,0.003793374,0.082112026,0000
946,001a,0010,e3b0c44298fc1c149afbf4c8996fb92427ae41e4649b934ca495991b7852b855,1be43897e4b94a93fe86b0cc0452501cbf933857dcf60becc1ccca06ecb587d7,39ebd98881099e1f310e1739c95bde3a50f60ffdeae9104b9eba84f7214379be,c5e536361221d6cc36d7fba4254a2e8a0a560ac6eb7c00cc979a4ab70faa3ae5,972f73882045ed27f2c061c49cca4a02ef3d64021746714086aab3fed96a53a0,26ec4021e615be5b2de99a82ec665446527db2d9c9735806e245848c74a6af0b,b98b6413bf863d685543bdbf55898030e7045305465399233d18c5733ffa7bda,78459210680aacdadb37bc069c6edac5e620918be9c0b938cd29c9d46d1eaeb7,0.003771530,0.082202805,0000
947,001a,0010,e3b0c44298fc1c149afbf4c8996fb92427ae41e4649b934ca495991b7852b855,2af095b67a3f1f2c9b6ebca8e60aec756f53af5690e5916a29005d354aab1376,9e1ee48655d9a3b9ae6741fccf30d5ab51ac4ff266dfdacc94391697eaa69af1,c5e536361221d6cc36d7fba4254a2e8a0a560ac6eb7c00cc979a4ab70faa3ae5,972f73882045ed27f2c061c49cca4a02ef3d64021746714086aab3fed96a53a0,26ec4021e615be5b2de99a82ec665446527db2d9c9735806e245848c74a6af0b,5e8421820ecd1cfcab9a0c0ea2ab84e10926a50b7723ddc612ddcc23ca8349e6,a7bb9a2dd91249471bda006f0bdc55e4af70590f11753dbdb2a01631ddd6c10f,0.003585708,0.082199183,0000
948,001a,0010,e3b0c44298fc1c149afbf4c8996fb92427ae41e4649b934ca495991b7852b855,c91e451f084f9358cba9db8e3ebe709bbdd8ba9f6f7bd7161b8a82f55904bd7d,f16301619615db7668c1ff46733522075c28d022c694fe03cd92024c124e5a61,c5e536361221d6cc36d7fba4254a2e8a0a560ac6eb7c00cc979a4ab70faa3ae5,972f73882045ed27f2c061c49cca4a02ef3d64021746714086aab3fed96a53a0,26ec4021e615be5b2de99a82ec665446527db2d9c9735806e245848c74a6af0b,45a47356b98a9dc61da38262d9542bc716e98722ee294aa2c0755b7608e28774,89750fd265e9b29321154bc7a25f9c989c34c221ab8fd43c0dfb3945046660ac,0.003789612,0.082365694,0000
949,001a,0010,e3b0c44298fc1c149afbf4c8996fb92427ae41e4649b934ca495991b7852b855,708a4ed4177abc92abe61204f66927fd808868a1c62e0148b83c6d928700c837,ec82990f5f126180f4f45c79be3990c61a0ee40465d914e8fec5a4b277aa1ee2,c5e536361221d6cc36d7fba4254a2e8a0a560ac6eb7c00cc979a4ab70faa3ae5,972f73882045ed27f2c061c49cca4a02ef3d64021746714086aab3fed96a53a0,26ec4021e615be5b2de99a82ec665446527db2d9c9735806e245848c74a6af0b,f5f92ac1b47441c588fa07259f93362f587cbea06e3d992284b756405ab18294,0f67c41f9dc4970f806c191587505bafba3b810d352e1498a584aaafb7b0fa22,0.003769181,0.082185670,0000
950,001a,0010,e3b0c44298fc1c149afbf4c8996fb92427ae41e4649b934ca495991b7852b855,6867dc4feb678a04c72311fa0a10ce3c3317162c31eb5cbf1b0f475f1cccd2e1,3c6a73647fbd3c86cbda7bb14b2e951e167ad2c9725edc8c90a39e0be66ef4d5,c5e536361221d6cc36d7fba4254a2e8a0a560ac6eb7c00cc979a4ab70faa3ae5,972f73882045ed27f2c061c49cca4a02ef3d64021746714086aab3fed96a53a0,26ec4021e615be5b2de99a82ec665446527db2d9c9735806e245848c74a6af0b,8cf5364e6bfc9702023bc511db33bb1f28cc74212f7b0c99409b01583512c475,1b6c7e783b7f577f438cc662747fea9e7c18beaf2ce5c50815f2e9639c6b8e36,0.003791065,0.082206280,0000
951,001a,0010,e3b0c44298fc1c149afbf4c8996fb92427ae41e4649b934ca495991b7852b855,ea35794a51812fb346681e1b1d405fb5de5431f0b6092de9c8ee700b6de3a888,998207fb68d9d12b7b2cf530e9db5ae281c6a530b4fa06900b89b14403678c77,c5e536361221d6cc36d7fba4254a2e8a0a560ac6eb7c00cc979a4ab70faa3ae5,972f73882045ed27f2c061c49cca4a02ef3d64021746714086aab3fed96a53a0,26ec4021e615be5b2de99a82ec665446527db2d9c9735806e245848c74a6af0b,4f4dee97464a70977dccc08c038f5b709f22e033c91331ce8476a79775eaff63,15a51bb231f0c6f46bb5ffd45572304f4ca5fe6734cb2c56d6110168627fbb0a,0.003805068,0.082175073,0000
952,001a,0010,e3b0c44298fc1c149afbf4c8996fb92427ae41e4649b934ca495991b7852b855,0ca12b292ee369a7d808101d599b0177eaf982e978e9fa6084d85db614816db9,594a2be3ca84543fca6a86be72667f9dcd53c73fb78d0effcfb59d0edad89caf,c5e536361221d6cc36d7fba4254a2e8a0a560ac6eb7c00cc979a4ab70faa3ae5,972f73882045ed27f2c061c49cca4a02ef3d64021746714086aab3fed96a53a0,26ec4021e615be5b2de99a82ec665446527db2d9c9735806e245848c74a6af0b,9e7c5a14e41544f7f6121ba056a67828b02b283dd9e3b34272e3f307250d7713,72c597abfb50b9f41e969900d7a4872f4001b6eaf4c269564389f1de8a3136e6,0.003763078,0.082182510,0000
953,001a,0010,e3b0c44298fc1c149afbf4c8996fb92427ae41e4649b934ca495991b7852b855,264cf7167c25109dabb268197ee2babfaa513eb86866757c3bd2bbde5d159ab8,3d77f8ec35c70ad88607a65ccee712f9ed455c223fc5884c71e26284c1e882d9,c5e536361221d6cc36d7fba4254a2e8a0a560ac6eb7c00cc979a4ab70faa3ae5,972f73882045ed27f2c061c49cca4a02ef3d64021746714086aab3fed96a53a0,26ec4021e615be5b2de99a82ec665446527db2d9c9735806e245848c74a6af0b,dfa05710f74ee72b51617a8e5d66b4006277ac6f1f1a0330c6e61b6c7b2da296,01a44c75b698ba30807e8fa446c5ba69303082e58504f16c955b3cd42b38870d,0.003797211,0.082201676,0000
954,001a,0010,e3b0c44298fc1c149afbf4c8996fb92427ae41e4649b934ca495991b7852b855,12c21acb775a396a5ee2ac916666ef264cfc1c9e8c9990f8c995f6054216fe49,71398c31ac81b26af8d31abbce4b5aff0b070cf7325ba381f0dc65445d87d6d9,c5e536361221d6cc36d7fba4254a2e8a0a560ac6eb7c00cc979a4ab70faa3ae5,972f73882045ed27f2c061c49cca4a02ef3d64021746714086aab3fed96a53a0,26ec4021e615be5b2de99a82ec665446527db2d9c9735806e245848c74a6af0b,b7565734c16fa8ec38caa66058cfcd3488beb09f3f2b5ced67af63b71c35c5db,26c98bf387c63aad03ed835b902122384060c5e61dc2984c8ea5d74cd683b909,0.003795914,0.082222365,0000
955,001a,0010,e3b0c44298fc1c149afbf4c8996fb92427ae41e4649b934ca495991b7852b855,c8507ae98cc41fc564f55ee1eff9ea823961bb7bb0aa80658b6ea0ef01dd14e6,81eca09e972b1a0c1326e2aa0eee0e27717f217143b66518ede6c7428c473818,c5e536361221d6cc36d7fba4254a2e8a0a560ac6eb7c00cc979a4ab70faa3ae5,972f73882045ed27f2c061c49cca4a02ef3d64021746714086aab3fed96a53a0,26ec4021e615be5b2de99a82ec665446527db2d9c9735806e245848c74a6af0b,c30e09e0d525c18cc929157a2a31c4f545f7339a0d6f3ab660f2bf58dd4ba052,31ac7da9d8f1ef5faeeb5d5b80323b2e4f3f3edef03a62bf2d99031a47876bbf,0.003817062,0.082163395,0000
956,001a,0010,e3b0c44298fc1c149afbf4c8996fb92427ae41e4649b934ca495991b7852b855,ba646c9514f8d2d9e5a3787eb0bab7e8c579629aed78f443c3f9324139301ed1,55af451c3466ce7d635bf6349cb5a38a66257aebf0e97fbee61aa4038741b327,c5e536361221d6cc36d7fba4254a2e8a0a560ac6eb7c00cc979a4ab70faa3ae5,972f73882045ed27f2c061c49cca4a02ef3d64021746714086aab3fed96a53a0,26ec4021e615be5b2de99a82ec665446527db2d9c9735806e245848c74a6af0b,6291791295bb37acffa8f19dd4e9c22e896366898f6f0b39887f6b93c06cef38,a1f6fba6d21b911b2a2e47acaa98ad83f421311c0e7dc0038ee77b9f63b605a5,0.003783145,0.082139095,0000
957,001a,0010,e3b0c44298fc1c149afbf4c8996fb92427ae41e4649b934ca495991b7852b855,0ecd516516e6f650a6b20396c1ae16293035020a09b5df3aa39f29886429d52d,f19663f56df7728be14225527b436b89f246fb269dae40202b23ad23c19aa589,c5e536361221d6cc36d7fba4254a2e8a0a560ac6eb7c00cc979a4ab70faa3ae5,972f73882045ed27f2c061c49cca4a02ef3d64021746714086aab3fed96a53a0,26ec4021e615be5b2de99a82ec665446527db2d9c9735806e245848c74a6af0b,8c08c4199ae60d88ff47f0ce33088261144a14d38311e905497db1a1f102d591,8fac8b92891e1778f6fdf20e9e7f75aa9a170406bd96f322532a62efa4a48f42,0.003774109,0.082189840,0000
958,001a,0010,e3b0c44298fc1c149afbf4c8996fb92427ae41e4649b934ca495991b7852b855,7348a0abab2073e4aade0fa6ce138ba2576baebaeee2f2b4dfbfd6e1274e77da,1a7848a47296ce1c4bce17c296bcbdec805c72c3b49c92870b20c0bc2d3d1f7d,c5e536361221d6cc36d7fba4254a2e8a0a560ac6eb7c00cc979a4ab70faa3ae5,972f73882045ed27f2c061c49cca4a02ef3d64021746714086aab3fed96a53a0,26ec4021e615be5b2de99a82ec665446527db2d9c9735806e245848c74a6af0b,e8aee21ccc79aa03a6df7ff07b2408f06cc97d8f09cc4bd76326b97283764fe4,31df06e352db6d518c1dbbbb2adf80d40b5eaa5ba319c70317f32606ed347868,0.003792654,0.082184381,0000
959,001a,0010,e3b0c44298fc1c149afbf4c8996fb92427ae41e4649b934ca495991b7852b855,2fa0f28aaa90ed229c0f94fff4c5bf0ee8343185ac5d35eabf26d9ab1cf48334,4ce0fb3cfdd16c3cadfa74f036d3b83070ec79361f11cc3c8eb13ff136ec47ea,c5e536361221d6cc36d7fba4254a2e8a0a560ac6eb7c00cc979a4ab70faa3ae5,972f73882045ed27f2c061c49cca4a02ef3d64021746714086aab3fed96a53a0,26ec4021e615be5b2de99a82ec665446527db2d9c9735806e245848c74a6af0b,5855c0e115d0de9d7f91af0e6f647f1b7075fe935c9621d2b085d5f3af821e9a,3e6739496256625b76a5153a5664de1bb4fb32226aaa9f7903eec30bc2ccb4de,0.003773511,0.082200140,0000
960,001a,0010,e3b0c44298fc1c149afbf4c8996fb92427ae41e4649b934ca495991b7852b855,2a24aab15cc29ed3908684fddcfcf62414243e6f4b54ef54f1fdfdcaf3e26c54,0d3ad3ba811e96dbf3bb1be15670b2d7b89bedf07e21bd623ae3ce22d04f3e3e,c5e536361221d6cc36d7fba4254a2e8a0a560ac6eb7c00cc979a4ab70faa3ae5,972f73882045ed27f2c061c49cca4a02ef3d64021746714086aab3fed96a53a0,26ec4021e615be5b2de99a82ec665446527db2d9c9735806e245848c74a6af0b,8a2105e483ed5851b76342d315ead361a181bb57870732a64f7c96e7ebc27e46,afcb9f9039974544968165586b5b47bb90b5495c7087a6013c64132cbf145b37,0.003781205,0.082187816,0000
961,001a,0010,e3b0c44298fc1c149afbf4c8996fb92427ae41e4649b934ca495991b7852b855,d8ee20f8c90686d77e8a4d1f0dd07c7587b74af96e8d30caccca008b25b12fe3,47c7bd8b8c545fb76d3a0352fac1beac2fe37095d9a7baeff2f8b9bb520479c8,c5e536361221d6cc36d7fba4254a2e8a0a560ac6eb7c00cc979a4ab70faa3ae5,972f73882045ed27f2c061c49cca4a02ef3d64021746714086aab3fed96a53a0,26ec4021e615be5b2de99a82ec665446527db2d9c9735806e245848c74a6af0b,11ad83a735ff0f651d23b2610c40ca73d26bce6e525b33a48b974ad4348419e8,da7f5a29c336b7ef74d03ff35791c5fc0eaf408950012ffb6eb33921c357fe97,0.003795303,0.082185980,0000
962,001a,0010,e3b0c44298fc1c149afbf4c8996fb92427ae41e4649b934ca495991b7852b855,8a9e4182bef2c1e77bbab426ff40842bb0d6ecd8f218c0547d56e36d9235c1dd,ee5d48c29f6857f59a7d608b1abaa577bc83910ee05bc13bb6e273ef2e0c3e45,c5e536361221d6cc36d7fba4254a2e8a0a560ac6eb7c00cc979a4ab70faa3ae5,972f73882045ed27f2c061c49cca4a02ef3d64021746714086aab3fed96a53a0,26ec4021e615be5b2de99a82ec665446527db2d9c9735806e245848c74a6af0b,4f91da4b14d4b143aaefcb967c8d7832eddd07519790a89d93edcee4cc895723,aa3fdc5d6a2561721119c242649556e474463685eadc84a4fc324fbfd15ec6eb,0.003775351,0.082198302,0000
963,001a,0010,e3b0c44298fc1c149afbf4c8996fb92427ae41e4649b934ca495991b7852b855,818283357b44cdf67319d0f4a3274ab58eb9ca679caf1d71b884efb7002be10f,508bf5fadec1ead39f12c41229bb1397f4a6e15db11dc0163c325c3354fa6fe6,c5e536361221d6cc36d7fba4254a2e8a0a560ac6eb7c00cc979a4ab70faa3ae5,972f73882045ed27f2c061c49cca4a02ef3d64021746714086aab3fed96a53a0,26ec4021e615be5b2de99a82ec665446527db2d9c9735806e245848c74a6af0b,6d458b9626da68f63b71aaa783f1e066c415dd91e335056609c348f84dc19f2c,5d9b24470e87014a21f7e6f37d809c6f504ac98200b9da681ae9d79b07b9075d,0.003791927,0.082179230,0000
964,001a,0010,e3b0c44298fc1c149afbf4c8996fb92427ae41e4649b934ca495991b7852b855,0ee3911a8fb6fb43547a02c77a2e844a91816f7f3c30ad760f873729bcf953da,39959e7e9abe57b463377aca7b49362657624d91c34b9c893f6b5d7c1494b2b5,c5e536361221d6cc36d7fba4254a2e8a0a560ac6eb7c00cc979a4ab70faa3ae5,972f73882045ed27f2c061c49cca4a02ef3d64021746714086aab3fed96a53a0,26ec4021e615be5b2de99a82ec665446527db2d9c9735806e245848c74a6af0b,e2f1afebf8f1bed31b55906f68d0268c588195a2b9c1238aa1175186926a75af,a867b969d22c64ea36ec5be9e127147e7897683c8be45e59a2e2c09cabb9a0ad,0.003800357,0.082184375,0000
965,001a,0010,e3b0c44298fc1c149afbf4c8996fb92427ae41e4649b934ca495991b7852b855,ff1ba7d69be86bcaca5ed0142e8e6bcc5ce121588dfe6bd27e036c8c4ce71043,693356757abf5ecfec1337e2d340f902109f5dcf672726b6b244fbb2b07e037e,c5e536361221d6cc36d7fba4254a2e8a0a560ac6eb7c00cc979a4ab70faa3ae5,972f73882045ed27f2c061c49cca4a02ef3d64021746714086aab3fed96a53a0,26ec4021e615be5b2de99a82ec665446527db2d9c9735806e245848c74a6af0b,66e6ab518f09a7fc94d6b1d546bd3a7b91b301d3000657d9e533bff870dfb61b,44a7ebfac7b16c608ad0363426d879f0cd339dd2e65af6450f433f762d6b0b24,0.003757900,0.082200066,0000
966,001a,0010,e3b0c44298fc1c149afbf4c8996fb92427ae41e4649b934ca495991b7852b855,2ab182ecab742a58c31a22eb8cf250614d781f793d7500f610c3c5702e64f763,86c0ec1d8c0b0c53a7f491875956a018e87eed28c52965dc9423fce8a889905b,c5e536361221d6cc36d7fba4254a2e8a0a560ac6eb7c00cc979a4ab70faa3ae5,972f73882045ed27f2c061c49cca4a02ef3d64021746714086aab3fed96a53a0,26ec4021e615be5b2de99a82ec665446527db2d9c9735806e245848c74a6af0b,5aeebebf116155717b2a243c87bcb73e1d66bdbdc2daa12f477c37b7e6a34893,b199a012a44c8fe45346b09a92336c98a15c774ce96cfd3cd925a25af2affe21,0.003737019,0.082245716,0000
967,001a,0010,e3b0c44298fc1c149afbf4c8996fb92427ae41e4649b934ca495991b7852b855,d9d9176c55d86851112db7a8971c22ab9b5c4515677caf87778646689a76d54c,86ebefa97ccbb69f6dde0f74168cb2217b13c4338c0babd8d93e55c4ecac4626,c5e536361221d6cc36d7fba4254a2e8a0a560ac6eb7c00cc979a4ab70faa3ae5,972f73882045ed27f2c061c49cca4a02ef3d64021746714086aab3fed96a53a0,26ec4021e615be5b2de99a82ec665446527db2d9c9735806e245848c74a6af0b,92c6a9074390472feb90ee3468e59ff30282d5ffadd47f65c334b2cc1b12dce8,2ca73e6b5d270beb4c1590585ace5c7725f3d7b6d5edb5199fcd5b24d3ec7813,0.003789088,0.082206222,0000
968,001a,0010,e3b0c44298fc1c149afbf4c8996fb92427ae41e4649b934ca495991b7852b855,b7585a235ffaa763bf1d9d6d7f75d161312ca00d0d4774d44f7897eb65c471d0,9c199d4033252ce3a6b75a0c666a77129cbf990dde207f90927f7c54c4c5d1fb,c5e536361221d6cc36d7fba4254a2e8a0a560ac6eb7c00cc979a4ab70faa3ae5,972f73882045ed27f2c061c49cca4a02ef3d64021746714086aab3fed96a53a0,26ec4021e615be5b2de99a82ec665446527db2d9c9735806e245848c74a6af0b,e925b50eccb22d7aaf955fb69a7ed251afa327c452d4c061d72ca20ae1f44b97,7732237631be22c88e631c38f9a7694a6328db9f330c1c0296c12d649aa7cc94,0.003507897,0.082086084,0000
969,001a,0010,e3b0c44298fc1c149afbf4c8996fb92427ae41e4649b934ca495991b7852b855,4d6963e1fe66d71f257cac0d1b5c753f1f75ce0d13c06cb94665925053618b53,874fdaa67cd1fa18d0c6d73db40a4a2bc44fccf200dedc31015ec01e1ee046b9,c5e536361221d6cc36d7fba4254a2e8a0a560ac6eb7c00cc979a4ab70faa3ae5,972f73882045ed27f2c061c49cca4a02ef3d64021746714086aab3fed96a53a0,26ec4021e615be5b2de99a82ec665446527db2d9c9735806e245848c74a6af0b,b4cab11ef97cd4d9e842e9af0d15733590cd2d86b92eb1e031a3a7fe9acf51cd,ee0fb9f6e4d2af09d863882ac6d518c97a337808791025ca22a8b498384d526c,0.003776792,0.082548520,0000
970,001a,0010,e3b0c44298fc1c149afbf4c8996fb92427ae41e4649b934ca495991b7852b855,ff32cdf4a073fc269ddfdc43c84f45a0692da0759041e6696b565501e4578b0f,9ccc059c99e39f2f07254d3dfb88b3fbba2106d26b2dc0285173394ba54ef37c,c5e536361221d6cc36d7fba4254a2e8a0a560ac6eb7c00cc979a4ab70faa3ae5,972f73882045ed27f2c061c49cca4a02ef3d64021746714086aab3fed96a53a0,26ec4021e615be5b2de99a82ec665446527db2d9c9735806e245848c74a6af0b,c47d4b53d3366d77ec958b560ac49f5234f11f75fddf9a2ee864bf18ae7e6e1e,823fa79074b9426ca9ffa684f71387bae169d9faae1e06840e121f7b4411a140,0.003768042,0.082221367,0000
971,001a,0010,e3b0c44298fc1c149afbf4c8996fb92427ae41e4649b934ca495991b7852b855,5f0c18b1ee6e2fe1fb5657a12260620752e17c234be877984b2fac99073ee310,39deb0da505012071cb72f270646589c50b214c0de0e3969c66ef06aac33bdad,c5e536361221d6cc36d7fba4254a2e8a0a560ac6eb7c00cc979a4ab70faa3ae5,972f73882045ed27f2c061c49cca4a02ef3d64021746714086aab3fed96a53a0,26ec4021e615be5b2de99a82ec665446527db2d9c9735806e245848c74a6af0b,ab009befddf59838f2091e7151919274bc56d8c56b7dce4894d382ab627a30e9,a6a93414a2c635b88565366f2e27330fe5331490e9f47887a8b4a06242b8f61c,0.003755213,0.082175556,0000
972,001a,0010,e3b0c44298fc1c149afbf4c8996fb92427ae41e4649b934ca495991b7852b855,acbbf8a20bd69050d2a04d0e9ac78ee613116fb4378b1e3e98b50aef8055cfe6,ea13572d5a1abe5c58b259c97559b8a1e97d1ebf43041af665b767a5130dc27b,c5e536361221d6cc36d7fba4254a2e8a0a560ac6eb7c00cc979a4ab70faa3ae5,972f73882045ed27f2c061c49cca4a02ef3d64021746714086aab3fed96a53a0,26ec4021e615be5b2de99a82ec665446527db2d9c9735806e245848c74a6af0b,2a73d17b8fe0401710d54d0f193f2b2682467040be72f0f9483372260556cfbe,e1686d7a929efe6e9baa26da9a1ccacdf666798eea1f7dfe41f1c2cd1288706f,0.003722841,0.082230328,0000
973,001a,0010,e3b0c44298fc1c149afbf4c8996fb92427ae41e4649b934ca495991b7852b855,7463e855a01d78a09b582b7f255e55691d70b9d9e1c5ed0587a8be56f65b8c53,1de0768c9a2294e7bdb9cf5772e130c7234e9cd0e6cf8090d4f3bebcdcf329d7,c5e536361221d6cc36d7fba4254a2e8a0a560ac6eb7c00cc979a4ab70faa3ae5,972f73882045ed27f2c061c49cca4a02ef3d64021746714086aab3fed96a53a0,26ec4021e615be5b2de99a82ec665446527db2d9c9735806e245848c74a6af0b,319bef6565a8777d34199c0c8f138126b55d7eb0da1c15ed61bdaae80979524b,28bef71e349283d0f383a38551a34b2a886f748265e8c223a7cfedaa8889856f,0.003740876,0.082285473,0000
974,001a,0010,e3b0c44298fc1c149afbf4c8996fb92427ae41e4649b934ca495991b7852b855,19d1082ec8b2dfffd99ef37157cb7f2a04691d1d45d3cee83b9513dab253c3d1,e18143b7ba09157a97193be41a086c475dd9f6323b15dbe25447e0ffb0eb4206,c5e536361221d6cc36d7fba4254a2e8a0a560ac6eb7c00cc979a4ab70faa3ae5,972f73882045ed27f2c061c49cca4a02ef3d64021746714086aab3fed96a53a0,26ec4021e615be5b2de99a82ec665446527db2d9c9735806e245848c74a6af0b,2f9c9f98f59e9be97c4e31a3af65643535ba1cc18941d452b817126fa7083d0b,5f8031d0d7006a1ea60d66dea43b56c7732e636d964ab91a4dcb079124a887d4,0.003793207,0.082212894,0000
975,001a,0010,e3b0c44298fc1c149afbf4c8996fb92427ae41e4649b934ca495991b7852b855,a282061fb30893b0b1951e985e6dd01005f0204e6835fc04c805162e623fb8ca,208503f390b8a21d77f3349556771ddfe12731a12f70fd861df0dc6e45578591,c5e536361221d6cc36d7fba4254a2e8a0a560ac6eb7c00cc979a4ab70faa3ae5,972f73882045ed27f2c061c49cca4a02ef3d64021746714086aab3fed96a53a0,26ec4021e615be5b2de99a82ec665446527db2d9c9735806e245848c74a6af0b,7a13e4c1e41e90b7f47a0e1d8c44e8340a4d730c6324890129f373ca276985f0,5e83ca3f034cb2a089d4226d3523705b90c0d46d40ced852fbe166eefb2f0a00,0.003758663,0.082186123,0000
976,001a,0010,e3b0c44298fc1c149afbf4c8996fb92427ae41e4649b934ca495991b7852b855,03e7fd981b536e579306ee1c0b3876d39a2a965a1ab458f777a5fa567aa7298a,a0d86d07857576370ae80a4f9b5d73a4b58b27187f52e2134f85a9ce15baeee0,c5e536361221d6cc36d7fba4254a2e8a0a560ac6eb7c00cc979a4ab70faa3ae5,972f73882045ed27f2c061c49cca4a02ef3d64021746714086aab3fed96a53a0,26ec4021e615be5b2de99a82ec665446527db2d9c9735806e245848c74a6af0b,d01dc03faa9e6fbc26528a880ecd311ba2ee7947fcc93528f67bfded8c2e4e8d,5bd35e6b0b414726373870487ac55097efdf7fa480d5f95c7d4072cd06f4e2a9,0.003787484,0.082201525,0000
977,001a,0010,e3b0c44298fc1c149afbf4c8996fb92427ae41e4649b934ca495991b7852b855,b179f1b285ad238fb0116719d52bd012ca6ea460ac60ff0c5eb213816a4d82e6,6c6b6a8d0f005d9903a29207827707e458eb6eca267431d7d896d7b24024cd0f,c5e536361221d6cc36d7fba4254a2e8a0a560ac6eb7c00cc979a4ab70faa3ae5,972f73882045ed27f2c061c49cca4a02ef3d64021746714086aab3fed96a53a0,26ec4021e615be5b2de99a82ec665446527db2d9c9735806e245848c74a6af0b,7c288e7b6bd419c864a5f5a14cc1989b7dae2288d96883aaa304fef0b4a144b6,6e03013c61cf10e0f8efefff9741b626dd1535612860698acd210fd74abc52b2,0.003743997,0.082195470,0000
978,001a,0010,e3b0c44298fc1c149afbf4c8996fb92427ae41e4649b934ca495991b7852b855,6075c70948ff727e866e6682c1b10f5e10b397979995370a10a9f01a5afcc062,45c57ebb45b53d46002466d7f26f42c6d77c89b452a74d32216be06bbb39554e,c5e536361221d6cc36d7fba4254a2e8a0a560ac6eb7c00cc979a4ab70faa3ae5,972f73882045ed27f2c061c49cca4a02ef3d64021746714086aab3fed96a53a0,26ec4021e615be5b2de99a82ec665446527db2d9c9735806e245848c74a6af0b,127d6dc681a227e0d3a964e36838a0d5c3f1f94d9719a6fd071778a7c3bc5452,1b3a7d6eddd6c07f72c34ee425bde51b210006667362bcff08d770f9ac7ecc8e,0.003740933,0.082245611,0000
979,001a,0010,e3b0c44298fc1c149afbf4c8996fb92427ae41e4649b934ca495991b7852b855,290cf25b02e8b60a7f65048d517b56a5255f77ecb652244d92b9bc7e349f26ca,e4165fe74f7c308ca314b116e18e8c33f360329c1ddcb0030eda4d8cea1c90ea,c5e536361221d6cc36d7fba4254a2e8a0a560ac6eb7c00cc979a4ab70faa3ae5,972f73882045ed27f2c061c49cca4a02ef3d64021746714086aab3fed96a53a0,26ec4021e615be5b2de99a82ec665446527db2d9c9735806e245848c74a6af0b,f9fae6b8115b08df935a204bcda5ec01741a5800e5285e66bbc9df60f881435e,6cf4f3ca06d71f0dc123d1b2a2e80134ce963bb42101353162701a9e029c1cec,0.003778658,0.082230369,0000
980,001a,0010,e3b0c44298fc1c149afbf4c8996fb92427ae41e4649b934ca495991b7852b855,19d5c5453d3b422fda475b26cc099e964157fb22dcb6e1a7728f05ba4d5b0ffa,2cecf48354ff4edbf5b370b1c7bd2d21d890911d0dd6f37af80177195920b8af,c5e536361221d6cc36d7fba4254a2e8a0a560ac6eb7c00cc979a4ab70faa3ae5,972f73882045ed27f2c061c49cca4a02ef3d64021746714086aab3fed96a53a0,26ec4021e615be5b2de99a82ec665446527db2d9c9735806e245848c74a6af0b,9b5b06e658f445b1d09b1ca61a4ce624ee29e1ca6608b30b8253922bbbf497f3,97a8204423e7a999aad8b5c6c3e59e4389fe93ba4c5b1d2e48f59e6c55c00165,0.003742733,0.082235351,0000
981,001a,0010,e3b0c44298fc1c149afbf4c8996fb92427ae41e4649b934ca495991b7852b855,cb6567863c96442ba1315cd5829e16e081d914a99e7156246ec4c083532f6b4e,511b1b7f2a0ad0b2d63e031d185e148d7c5b9e5729c4b5a1de05dc8c8bc913e0,c5e536361221d6cc36d7fba4254a2e8a0a560ac6eb7c00cc979a4ab70faa3ae5,972f73882045ed27f2c061c49cca4a02ef3d64021746714086aab3fed96a53a0,26ec4021e615be5b2de99a82ec665446527db2d9c9735806e245848c74a6af0b,5b75cf708baad61db96685ba8c309550498b864150e48c75cdb66930617b6870,82012a15aa7634145f0c36f573590bf087a07007dd5dd980b39564afab2839d4,0.003808890,0.082172743,0000
982,001a,0010,e3b0c44298fc1c149afbf4c8996fb92427ae41e4649b934ca495991b7852b855,cd371583be4bdc02167df167605626ac054bbdf1abd93c3b0a42592116e9bbea,076f3d41a7c1720c8a72fffab7066561b897cc1fd24a221d257988714b31ab93,c5e536361221d6cc36d7fba4254a2e8a0a560ac6eb7c00cc979a4ab70faa3ae5,972f73882045ed27f2c061c49cca4a02ef3d64021746714086aab3fed96a53a0,26ec4021e615be5b2de99a82ec665446527db2d9c9735806e245848c74a6af0b,a900abe205a966f87b22e671c8f3584d4012c28ada5d8f8cdeb23bb827a5b4ff,b0cd5016d23a48ea889388404cf408309a9312c7ea8e929af6fdcaf34cc727d4,0.003783165,0.082156098,0000
983,001a,0010,e3b0c44298fc1c149afbf4c8996fb92427ae41e4649b934ca495991b7852b855,4abe4b3d5bfbfc9a202ae771f6e76a1c5a27947d7a8f629d6d58ee0367aa9657,2bece3179a6dc1e026d288c69f498714e8561301c0108c074861072ca521a065,c5e536361221d6cc36d7fba4254a2e8a0a560ac6eb7c00cc979a4ab70faa3ae5,972f73882045ed27f2c061c49cca4a02ef3d64021746714086aab3fed96a53a0,26ec4021e615be5b2de99a82ec665446527db2d9c9735806e245848c74a6af0b,d7560bc44d8018d69066797817700b7bdc09fdc855e1161c5451ea411ea8cb07,ab598a7e85a9061abd1a4152a2121cf92a527c7557ec60f286857f6b5dd35823,0.003734345,0.082217379,0000
984,001a,0010,e3b0c44298fc1c149afbf4c8996fb92427ae41e4649b934ca495991b7852b855,8b1fde009314749806c0a1e84ce64b9b8a9a69110c6c1698499d0bb29936ef5a,87579627d1891e22215791977b553d7512188c941da2f6beed0a73a2feefa998,c5e536361221d6cc36d7fba4254a2e8a0a560ac6eb7c00cc979a4ab70faa3ae5,972f73882045ed27f2c061c49cca4a02ef3d64021746714086aab3fed96a53a0,26ec4021e615be5b2de99a82ec665446527db2d9c9735806e245848c74a6af0b,49e4b91cefd4e6c1e9bfa21f3149324aece8a89e4aa381b936adb7b659b13dec,500f78eea4562c16f6231cc2ca3413ce18557962a401f7e3b0dfc83c4c2d07d3,0.003517134,0.082164705,0000
985,001a,0010,e3b0c44298fc1c149afbf4c8996fb92427ae41e4649b934ca495991b7852b855,40e586183cc3547b4054897ec03fad4330fcaa98420da4f58c35c57ef8cf3d43,bfcdf13abcc7f44a2e23e2898de06c2a47aa7e071caf9a47e719bd55fc0a50fc,c5e536361221d6cc36d7fba4254a2e8a0a560ac6eb7c00cc979a4ab70faa3ae5,972f73882045ed27f2c061c49cca4a02ef3d64021746714086aab3fed96a53a0,26ec4021e615be5b2de99a82ec665446527db2d9c9735806e245848c74a6af0b,5edeac8bd6a1be980dda9d2fdcfbc6a85ca4369dd608405772e19316f78b218d,09c7feb7184d3d44d9535c401abac6047e85d562343aeee88aabfd18efb07b3c,0.003780751,0.082597859,0000
986,001a,0010,e3b0c44298fc1c149afbf4c8996fb92427ae41e4649b934ca495991b7852b855,3d1d10177e8638230cc95c79c948d65349d39ab608e58e03fb222d330cd4a1e5,6f132f500d60846a3bf567a1e5d7a8e5123cedefbb67f3623343a19931af3c0f,c5e536361221d6cc36d7fba4254a2e8a0a560ac6eb7c00cc979a4ab70faa3ae5,972f73882045ed27f2c061c49cca4a02ef3d64021746714086aab3fed96a53a0,26ec4021e615be5b2de99a82ec665446527db2d9c9735806e245848c74a6af0b,cc90c034c099f7ff8d13f659b5bf0d06e93d9bff7d6251eef39fa72c8b48bca3,acdc0b02f9d0e1dcf4bc1ffb3e5a5eeff78fcc49f63d0bf5ae999e933b6d674b,0.003742950,0.082194776,0000
987,001a,0010,e3b0c44298fc1c149afbf4c8996fb92427ae41e4649b934ca495991b7852b855,561c02c2bfe0dda9b8d605b0b372904eb7ce34a03ed2b60c1062da54b21aadcd,9fa439a93b2689ad3cf41aea7e7e78d4fef90fdf8d5ad3617c69a9f449549d37,c5e536361221d6cc36d7fba4254a2e8a0a560ac6eb7c00cc979a4ab70faa3ae5,972f73882045ed27f2c061c49cca4a02ef3d64021746714086aab3fed96a53a0,26ec4021e615be5b2de99a82ec665446527db2d9c9735806e245848c74a6af0b,0a2974d211f082c3a134557b93bcfc4185730c3580c238a8cabaa12951fed749,b68a32548e2a8884198d4c73211106096d8580face737ddb6c1816817a67f785,0.003790815,0.082186441,0000
988,001a,0010,e3b0c44298fc1c149afbf4c8996fb92427ae41e4649b934ca495991b7852b855,46125c24f1675f05a17446319bda872d4213d79e4b3d11899f2360327e64903a,ff3ffdc7442b1fa6db66e37611cbc5c966045eae15af1d4c2ae8be97300b67b1,c5e536361221d6cc36d7fba4254a2e8a0a560ac6eb7c00cc979a4ab70faa3ae5,972f73882045ed27f2c061c49cca4a02ef3d64021746714086aab3fed96a53a0,26ec4021e615be5b2de99a82ec665446527db2d9c9735806e245848c74a6af0b,d33efa4f7c28af0c2d932ad4439eaa255e08228a8cec41b2bfd4aa3d9d41150f,4fc723db0e0eb34885991d8531bd4e7550fa6fcb887d0fbec0a16a748e904198,0.003766524,0.082197982,0000
989,001a,0010,e3b0c44298fc1c149afbf4c8996fb92427ae41e4649b934ca495991b7852b855,4e55cefe9782f03731dff73d2a7b2d8e53e412bb3ce956f6bfaaf8e81195eeee,540e0f41d4fe76603c4646b480c6149a02e7f8d98dcb1da2aa271fb76ea10004,c5e536361221d6cc36d7fba4254a2e8a0a560ac6eb7c00cc979a4ab70faa3ae5,972f73882045ed27f2c061c49cca4a02ef3d64021746714086aab3fed96a53a0,26ec4021e615be5b2de99a82ec665446527db2d9c9735806e245848c74a6af0b,fda6a733fe8cef127d8dab5168c5765bfda1b264f2230504a57be35bda743551,5b2fb60b2ab3905b74a6752b8e5f098beeac2fe5f3bf96e3edf29bd253ac8374,0.003787110,0.082197874,0000
990,001a,0010,e3b0c44298fc1c149afbf4c8996fb92427ae41e4649b934ca495991b7852b855,7d7a44b7b7bf75e6866e9edd5a79d6a3946072a45bf99edcfafc7b616b3c4c04,e80531757d54c347e78a51541a783e1648d42ca9df7b102207c578c3b164181a,c5e536361221d6cc36d7fba4254a2e8a0a560ac6eb7c00cc979a4ab70faa3ae5,972f73882045ed27f2c061c49cca4a02ef3d64021746714086aab3fed96a53a0,26ec4021e615be5b2de99a82ec665446527db2d9c9735806e245848c74a6af0b,f02a164612f15771d167d6e56072dbba60e2ec68763246942bc23e34ac24daa7,d2b90d07390791f7a85149ea917189d2e9def6399f5827c7dccc8858b5b58add,0.003764950,0.082203578,0000
991,001a,0010,e3b0c44298fc1c149afbf4c8996fb92427ae41e4649b934ca495991b7852b855,650a74b9688d10c5d86f159cbe491768163e3e04301a23d991cd982721dd1a85,194282d05d9e1e87b5953686bfc03fdb4455e285c2ef0ec0a20163984848e93d,c5e536361221d6cc36d7fba4254a2e8a0a560ac6eb7c00cc979a4ab70faa3ae5,972f73882045ed27f2c061c49cca4a02ef3d64021746714086aab3fed96a53a0,26ec4021e615be5b2de99a82ec665446527db2d9c9735806e245848c74a6af0b,516ccf9b3ff49ee03860593a0c0cafc00806b9a82881513109611452731507af,e7db2bcb10b875b74d19b261ccaedaacfea35fee3cb397a9493dbb41c151e9b6,0.003746839,0.082201420,0000
992,001a,0010,e3b0c44298fc1c149afbf4c8996fb92427ae41e4649b934ca495991b7852b855,f81e83bcb09f46aee0df70add131297b83db9293648d1fa9ccc202e2d5e6a917,217cf05ddea923665892a908550e034b6736e2cc279d64ff02d09165442a9ea8,c5e536361221d6cc36d7fba4254a2e8a0a560ac6eb7c00cc979a4ab70faa3ae5,972f73882045ed27f2c061c49cca4a02ef3d64021746714086aab3fed96a53a0,26ec4021e615be5b2de99a82ec665446527db2d9c9735806e245848c74a6af0b,6c9c0c95c3aba10c21f874116c98c2a1fa95a862d15c8cf04918e7c7226d8c3e,d09b857912ae6a6083813575d45b4a0c9cc23207923163b4cb603d3f3e0c2a92,0.003788970,0.082213206,0000
993,001a,0010,e3b0c44298fc1c149afbf4c8996fb92427ae41e4649b934ca495991b7852b855,6981b8acea69849c1117e33e2ec8705dc563e67c4794ee8806e115aa111e362c,00f2863591a0e588d02af157846734c4d261b68667e5b14a773dd968c08cc387,c5e536361221d6cc36d7fba4254a2e8a0a560ac6eb7c00cc979a4ab70faa3ae5,972f73882045ed27f2c061c49cca4a02ef3d64021746714086aab3fed96a53a0,26ec4021e615be5b2de99a82ec665446527db2d9c9735806e245848c74a6af0b,e5b4f8cb1ffc74dc52cad2b1a907940c82735e58a8308eb6d2a4ead30dbfd6ad,1735baaba5883c1723b481d82939e710e35d17c3e4d02cdc95e09de29a0fb613,0.003771223,0.082209104,0000
994,001a,0010,e3b0c44298fc1c149afbf4c8996fb92427ae41e4649b934ca495991b7852b855,637589ab317580bd6bfe99317383be9e554b291177958a954f0c2855e0bce867,cb2a3cb141d8eb52d1aa739cac2b7417f4ff4a4fe745a85e2dd90abd5d203080,c5e536361221d6cc36d7fba4254a2e8a0a560ac6eb7c00cc979a4ab70faa3ae5,972f73882045ed27f2c061c49cca4a02ef3d64021746714086aab3fed96a53a0,26ec4021e615be5b2de99a82ec665446527db2d9c9735806e245848c74a6af0b,f07c8224acd1f1a3eb86ce70ac94cfe22ac6c903fcd6b8c9741b9f42342dcd4c,5ec774d9cb83892d9e96fb1a9396e260369dadaa6e187dd60adfe2d13b7458f2,0.003735589,0.082175779,0000
995,001a,0010,e3b0c44298fc1c149afbf4c8996fb92427ae41e4649b934ca495991b7852b855,ad09b06721380e5a0f52128f06711ee00e0a635d4191c27a79e6da5e94d43f76,e9e6422cbfada66f6cde5d80fc74cfb1746c65f930f0bd66ac942d9514e79ff4,c5e536361221d6cc36d7fba4254a2e8a0a560ac6eb7c00cc979a4ab70faa3ae5,972f73882045ed27f2c061c49cca4a02ef3d64021746714086aab3fed96a53a0,26ec4021e615be5b2de99a82ec665446527db2d9c9735806e245848c74a6af0b,65e2ec88dfa4d9c95a01a96e02862f5f0ea9336ad475a63d543f028a6019fcc7,8e7c282526e6ca768f05f870b330cf2cf3df46260ff84cd1a9d834f7c2185551,0.003795044,0.082248885,0000
996,001a,0010,e3b0c44298fc1c149afbf4c8996fb92427ae41e4649b934ca495991b7852b855,8b944b16358b189bc939eb1ff521ead28b809cfadf5d956def9f0c6a46c3b337,df97a9e3a64aec8e79c1d2125e12f9e36d8e8d010c458e49fdd192bcff44556c,c5e536361221d6cc36d7fba4254a2e8a0a560ac6eb7c00cc979a4ab70faa3ae5,972f73882045ed27f2c061c49cca4a02ef3d64021746714086aab3fed96a53a0,26ec4021e615be5b2de99a82ec665446527db2d9c9735806e245848c74a6af0b,92ea601861538b035ebe1541817f111c63933b5e0a754a99ea33ee5dd64f90c4,deb14803d74b766e7774958d3436b6d72ab233193997e300e08cc6b270bccafa,0.003737582,0.082195958,0000
997,001a,0010,e3b0c44298fc1c149afbf4c8996fb92427ae41e4649b934ca495991b7852b855,95e8d67a991042a7c4030a23cbe9b21446c4b3ea1e62e53cfdf7b48c9eb7b4a3,87a09693fc4d51c5659978c9d232573347d324928115a53daa47e9ee8dd53d28,c5e536361221d6cc36d7fba4254a2e8a0a560ac6eb7c00cc979a4ab70faa3ae5,972f73882045ed27f2c061c49cca4a02ef3d64021746714086aab3fed96a53a0,26ec4021e615be5b2de99a82ec665446527db2d9c9735806e245848c74a6af0b,0725f0f165908151b2943d00a441136e4e6ed34f6a5818f6945a3b260cf5c9cc,ef0279b70a366687729c18b1a317574f69faa03deef262e8e6a0ad3bed50d85b,0.003757638,0.082245989,0000
998,001a,0010,e3b0c44298fc1c149afbf4c8996fb92427ae41e4649b934ca495991b7852b855,9b3230f2394f77fc168ccea9198c9f666264063d021dfc721493f3f9d0d44aeb,d8ffbbb5f886a96ee6324f97665a60bae09c6f61354e9d970e735f883dbefa82,c5e536361221d6cc36d7fba4254a2e8a0a560ac6eb7c00cc979a4ab70faa3ae5,972f73882045ed27f2c061c49cca4a02ef3d64021746714086aab3fed96a53a0,26ec4021e615be5b2de99a82ec665446527db2d9c9735806e245848c74a6af0b,8fc74c147481e99e6b9ec03093b12dac6b4d34d602f75b964aa0afc61773acf6,f4aea5d4b0ce9b0ee260bdc5349742588470cb0dad33db3c40734be6bbab369f,0.003777566,0.082250509,0000
999,001a,0010,e3b0c44298fc1c149afbf4c8996fb92427ae41e4649b934ca495991b7852b855,ba1efd001d637b8b8c24191eb619530be52f46c78233e1b7188f1f03c0206e82,a990e45aed3c12c227e45eb7f48acdf1a61782d804cd491e81542ad5702b82a7,c5e536361221d6cc36d7fba4254a2e8a0a560ac6eb7c00cc979a4ab70faa3ae5,972f73882045ed27f2c061c49cca4a02ef3d64021746714086aab3fed96a53a0,26ec4021e615be5b2de99a82ec665446527db2d9c9735806e245848c74a6af0b,de7c9216ca4d28c3b78dcae4525f34ba6fd510cf28e887b8067c985ead7e6c91,5193e837df6a6f6474561cf62edc8f60301dc761f630038e6f25f5f9749c2790,0.003555765,0.082095462,0000
